Sample,GroundTruth,Prediction,GroundTruth_Label,Prediction_Label,Logit0,Logit1,Logit2,Logit3,Logit4
1,0,4,Normal,Unknown,-7.267792,-13.392504,-8.999926,-9.458214,-5.758711
18,2,0,Ventricular,Normal,-3.454585,-7.878590,-3.594749,-10.454824,-8.614570
32,0,1,Normal,Supraventricular,-3.587146,-3.249143,-9.432378,-7.120967,-6.194796
99,1,3,Supraventricular,Fusion,-13.602151,-3.776750,-14.817782,-3.452869,-13.230086
100,2,0,Ventricular,Normal,-6.052367,-11.125767,-10.825541,-7.298797,-7.327686
108,2,0,Ventricular,Normal,-2.325028,-7.015765,-3.841749,-4.439678,-7.563879
125,0,3,Normal,Fusion,-2.427531,-9.969059,-14.270157,-1.937619,-7.419279
136,4,0,Unknown,Normal,-3.504117,-13.058241,-7.470306,-4.060256,-6.598619
183,2,3,Ventricular,Fusion,-9.351242,-14.682710,-9.502437,-8.589623,-8.627874
207,0,2,Normal,Ventricular,-4.678848,-21.802301,-2.175465,-14.626323,-7.439855
219,2,0,Ventricular,Normal,-2.591277,-6.160685,-4.160511,-4.666343,-5.079936
225,2,4,Ventricular,Unknown,-11.563766,-16.375874,-7.825800,-9.105481,-7.110408
240,2,3,Ventricular,Fusion,-8.624536,-16.012257,-9.597578,-7.293812,-7.845176
254,2,4,Ventricular,Unknown,-9.299046,-15.175548,-8.090767,-8.906101,-7.579450
258,0,4,Normal,Unknown,-4.814810,-6.587614,-14.513980,-6.000536,-4.402772
259,2,0,Ventricular,Normal,-4.293682,-7.414101,-7.685483,-10.784712,-8.595523
266,2,4,Ventricular,Unknown,-9.686502,-14.926160,-12.216236,-10.342895,-8.611068
276,4,0,Unknown,Normal,3.954130,-18.287378,-13.103968,-4.171864,-0.364607
277,2,0,Ventricular,Normal,-7.770703,-8.724306,-10.843408,-15.680352,-12.758317
317,4,0,Unknown,Normal,-3.729632,-12.941699,-10.576666,-5.808998,-5.639272
318,0,3,Normal,Fusion,-5.537098,-11.508753,-17.116686,-4.708372,-7.006768
322,2,0,Ventricular,Normal,-5.645874,-8.314248,-8.563147,-14.802177,-11.614102
329,0,2,Normal,Ventricular,-3.683686,-6.558924,-2.722870,-5.373055,-6.341778
337,4,0,Unknown,Normal,-1.360036,-7.643211,-6.108041,-4.401426,-2.108765
375,0,1,Normal,Supraventricular,-4.247167,-3.887222,-8.886918,-7.414035,-6.357984
376,0,4,Normal,Unknown,-0.803391,-22.089279,-20.142206,-3.500381,0.306661
392,4,0,Unknown,Normal,-0.171104,-13.083731,-6.642563,-7.664890,-3.052085
398,2,4,Ventricular,Unknown,-11.548531,-14.055859,-6.963287,-8.854705,-6.869505
399,2,0,Ventricular,Normal,-5.145280,-11.126643,-7.919742,-14.153790,-10.408874
446,4,0,Unknown,Normal,-0.406591,-9.227391,-6.078675,-4.709461,-1.673712
448,2,4,Ventricular,Unknown,-4.772466,-7.361182,-2.862674,-5.861639,-2.421251
468,2,4,Ventricular,Unknown,-7.780827,-11.587996,-8.126496,-8.472878,-7.349501
478,2,0,Ventricular,Normal,-8.365907,-15.569130,-13.183698,-11.576167,-11.127469
511,2,4,Ventricular,Unknown,-8.634314,-13.910279,-8.255116,-7.102854,-6.139361
533,2,0,Ventricular,Normal,-4.152602,-13.290262,-5.026020,-5.373090,-6.179457
552,2,4,Ventricular,Unknown,-5.588285,-7.961289,-3.031362,-5.938251,-2.049307
556,2,0,Ventricular,Normal,-5.100242,-9.819484,-12.435022,-7.251773,-8.125459
567,2,4,Ventricular,Unknown,-10.019052,-14.318686,-8.954569,-8.726527,-6.798637
610,2,0,Ventricular,Normal,-4.696832,-10.667211,-8.478493,-14.503905,-10.819479
639,2,0,Ventricular,Normal,-9.304959,-15.374511,-12.906209,-11.450437,-11.016078
645,4,0,Unknown,Normal,5.766809,-30.964214,-20.722437,-3.743924,3.669847
665,0,2,Normal,Ventricular,2.446994,-19.536428,2.651642,-14.299454,-35.844986
679,2,4,Ventricular,Unknown,-4.720252,-7.983674,-3.892796,-5.423646,-3.769930
694,4,0,Unknown,Normal,-0.643253,-7.927735,-7.068688,-5.226714,-1.238463
724,3,0,Fusion,Normal,7.405879,-18.664284,-34.887241,4.144592,-4.921462
746,2,0,Ventricular,Normal,-5.657746,-10.593063,-8.504400,-13.379586,-10.572654
753,2,3,Ventricular,Fusion,-4.292505,-9.850916,-4.486949,-3.617831,-7.135260
778,4,0,Unknown,Normal,4.786329,-18.038881,-13.605028,-4.259947,-0.636910
783,2,0,Ventricular,Normal,-0.103448,-6.035234,-4.983821,-3.814363,-3.185301
788,2,0,Ventricular,Normal,-4.897493,-8.326441,-7.265321,-11.261164,-9.210380
800,2,3,Ventricular,Fusion,-6.449032,-13.141131,-4.632346,-4.576803,-7.713533
804,0,1,Normal,Supraventricular,-7.023709,-4.869967,-9.819193,-8.612947,-6.749216
806,0,4,Normal,Unknown,-4.828393,-5.616196,-11.815411,-7.102323,-4.206521
941,4,0,Unknown,Normal,-0.574279,-6.544660,-7.612067,-4.961852,-0.813497
980,2,0,Ventricular,Normal,-6.208873,-9.578179,-8.392155,-13.585679,-10.980484
993,2,4,Ventricular,Unknown,-12.617109,-16.063227,-8.524742,-10.237709,-8.463086
997,2,0,Ventricular,Normal,-4.933744,-8.429110,-6.581290,-12.971486,-8.728646
1000,1,3,Supraventricular,Fusion,-11.926486,-5.370456,-11.773454,-4.757745,-12.254197
1014,2,4,Ventricular,Unknown,-11.629494,-15.015821,-8.441748,-8.572248,-6.678236
1019,2,3,Ventricular,Fusion,-11.308882,-16.552919,-7.698138,-6.894993,-7.538898
1045,2,4,Ventricular,Unknown,-3.995219,-9.591368,-5.170300,-6.521385,-1.579715
1085,4,0,Unknown,Normal,2.938376,-15.297764,-15.966384,-3.610676,-1.276309
1090,1,3,Supraventricular,Fusion,-7.526793,-2.098039,-11.475897,-1.503348,-8.315846
1118,1,0,Supraventricular,Normal,-2.254851,-3.841197,-5.846080,-3.989707,-4.883574
1119,0,4,Normal,Unknown,-2.721776,-9.083187,-8.138670,-4.416852,-2.634650
1161,2,4,Ventricular,Unknown,-11.746127,-18.710379,-6.913826,-8.470827,-6.650997
1217,2,4,Ventricular,Unknown,-9.906036,-14.520939,-9.372803,-8.120174,-7.803383
1218,2,0,Ventricular,Normal,-2.535269,-10.772477,-8.738488,-14.451949,-10.717446
1270,2,4,Ventricular,Unknown,-9.657251,-12.788670,-9.531814,-9.925561,-8.459821
1302,1,0,Supraventricular,Normal,-0.392081,-2.774223,-11.277570,-3.198055,-3.396508
1305,2,0,Ventricular,Normal,-5.510887,-9.881124,-7.493742,-14.910240,-11.367275
1316,0,4,Normal,Unknown,-3.928278,-20.056067,-8.792495,-11.769263,-3.191937
1392,2,0,Ventricular,Normal,-6.340992,-12.791647,-13.244804,-9.075714,-9.563937
1411,2,4,Ventricular,Unknown,-4.121257,-7.032843,-2.668971,-4.383694,-2.448257
1415,0,1,Normal,Supraventricular,-5.213149,-3.302913,-6.062459,-6.595785,-5.909369
1427,2,4,Ventricular,Unknown,-6.493119,-20.166651,-7.975891,-7.408004,-5.506428
1431,2,0,Ventricular,Normal,-1.992435,-10.035442,-3.247480,-6.335705,-6.258029
1436,2,0,Ventricular,Normal,-1.308151,-10.720677,-4.593390,-4.379515,-6.732434
1453,0,4,Normal,Unknown,-2.984337,-22.934996,-11.211258,-10.434561,-1.820248
1461,1,3,Supraventricular,Fusion,-6.635460,-3.199947,-14.415174,-0.359621,-9.604433
1481,2,4,Ventricular,Unknown,-8.627590,-16.218248,-8.195982,-8.231834,-6.843064
1488,1,3,Supraventricular,Fusion,-7.738241,-2.860979,-10.272030,-2.305215,-8.981492
1513,2,0,Ventricular,Normal,-6.330976,-12.789143,-10.114781,-9.216051,-9.733230
1528,3,4,Fusion,Unknown,-7.347418,-4.193632,-20.427204,-3.983749,-3.032667
1532,0,4,Normal,Unknown,-3.343981,-13.985515,-13.208607,-3.767540,-1.979989
1552,4,0,Unknown,Normal,4.221044,-29.992788,-19.507576,-2.607355,3.683753
1566,2,4,Ventricular,Unknown,-9.666201,-14.148895,-10.952792,-12.764552,-9.072205
1575,2,3,Ventricular,Fusion,-6.272289,-15.673914,-11.009843,-5.385078,-6.045628
1587,2,0,Ventricular,Normal,-7.564216,-16.517733,-12.044639,-9.296254,-8.018909
1606,1,3,Supraventricular,Fusion,-6.229471,-2.680538,-12.432753,-1.719800,-9.064792
1611,4,3,Unknown,Fusion,-9.765386,-16.519094,-13.598239,-4.754509,-5.761524
1617,2,0,Ventricular,Normal,-4.406511,-8.861256,-5.964706,-13.449813,-10.557594
1622,2,4,Ventricular,Unknown,-12.556750,-13.423729,-8.896164,-9.934503,-7.951247
1671,2,0,Ventricular,Normal,-11.329493,-15.518092,-14.099654,-11.539725,-12.143226
1700,0,2,Normal,Ventricular,-4.201180,-17.247110,-2.275733,-13.082994,-6.981618
1731,2,4,Ventricular,Unknown,-9.167454,-13.932563,-7.453214,-7.571782,-6.057978
1751,2,0,Ventricular,Normal,-5.502659,-11.755163,-9.403686,-14.347322,-12.116785
1757,2,0,Ventricular,Normal,-5.839331,-14.743059,-9.459138,-16.181664,-10.367079
1797,0,2,Normal,Ventricular,-4.656128,-13.271387,-4.573982,-9.523904,-6.677978
1801,2,0,Ventricular,Normal,-3.134988,-9.847585,-9.844552,-13.690272,-10.778773
1804,2,0,Ventricular,Normal,-3.866703,-10.543739,-8.801350,-13.828760,-10.884924
1818,3,0,Fusion,Normal,-1.598871,-11.189460,-15.849154,-2.072185,-5.628960
1827,0,2,Normal,Ventricular,-3.270696,-5.486323,-3.107918,-5.362813,-4.164752
1836,3,0,Fusion,Normal,3.112793,-21.821016,-23.969721,-2.352202,-5.130503
1837,4,0,Unknown,Normal,3.717012,-21.734608,-15.231989,-2.825197,2.477878
1885,4,0,Unknown,Normal,0.986579,-11.292344,-9.484221,-4.290926,-0.458224
1895,2,3,Ventricular,Fusion,-5.910747,-16.289785,-7.313860,-5.839634,-8.544825
1910,2,4,Ventricular,Unknown,-10.220215,-15.114537,-8.815859,-9.416493,-6.797994
1926,2,4,Ventricular,Unknown,-10.021185,-16.689051,-7.550176,-9.905566,-6.870928
1933,0,4,Normal,Unknown,-4.635421,-7.882967,-6.768219,-5.606101,-4.513516
1994,0,3,Normal,Fusion,-1.894777,-13.309449,-15.688153,-1.558954,-3.962242
2000,0,1,Normal,Supraventricular,-3.954056,-3.592441,-6.470296,-4.520324,-4.875149
2011,2,0,Ventricular,Normal,-6.869906,-15.132747,-8.830030,-8.853745,-6.917428
2037,2,0,Ventricular,Normal,-7.244269,-15.193613,-9.722159,-7.927362,-7.540874
2045,2,4,Ventricular,Unknown,-10.307554,-16.899137,-9.905228,-9.513314,-7.747125
2054,3,0,Fusion,Normal,-2.837450,-14.415242,-22.896383,-4.719465,-9.243570
2064,2,4,Ventricular,Unknown,-10.518172,-15.858240,-8.658607,-8.766709,-7.194055
2065,4,0,Unknown,Normal,3.408960,-17.333559,-12.239385,-5.024305,-0.824560
2075,1,0,Supraventricular,Normal,-2.957023,-4.724146,-7.051504,-5.268696,-3.041305
2080,2,4,Ventricular,Unknown,-8.431382,-15.425450,-8.039383,-8.956357,-6.702391
2088,2,0,Ventricular,Normal,-3.159842,-11.268198,-4.831558,-5.892218,-5.326958
2111,2,0,Ventricular,Normal,-3.610117,-9.171725,-5.632666,-12.146042,-8.159746
2128,4,0,Unknown,Normal,4.358488,-35.004486,-15.694809,-4.168138,3.004129
2139,0,2,Normal,Ventricular,-2.425226,-8.073136,-2.215322,-5.006734,-5.087971
2144,1,3,Supraventricular,Fusion,-12.302203,-5.088185,-15.880484,-3.481173,-13.062764
2151,2,4,Ventricular,Unknown,-13.143038,-15.098174,-8.769025,-10.128480,-8.386648
2172,4,0,Unknown,Normal,4.938894,-30.188107,-18.185690,-1.569178,0.234008
2188,0,4,Normal,Unknown,-1.624392,-24.420477,-11.773478,-11.343374,-1.499191
2190,4,0,Unknown,Normal,6.104491,-31.308426,-16.910990,-3.127405,2.474371
2192,2,4,Ventricular,Unknown,-12.144078,-15.245994,-9.924398,-9.863343,-9.774867
2218,0,1,Normal,Supraventricular,-5.917434,-3.402566,-5.619147,-5.744014,-4.602932
2223,2,4,Ventricular,Unknown,-7.977693,-13.891047,-9.451971,-5.795968,-4.865853
2227,2,4,Ventricular,Unknown,-11.779389,-17.075619,-9.293113,-10.525861,-8.751486
2250,0,4,Normal,Unknown,-1.904548,-21.434052,-11.124028,-9.095588,-0.756694
2275,2,0,Ventricular,Normal,-6.668365,-15.448148,-8.904334,-8.804967,-8.289914
2289,2,4,Ventricular,Unknown,-3.733325,-6.843235,-2.489958,-5.251780,-1.927486
2300,2,0,Ventricular,Normal,-5.314621,-8.838261,-7.574875,-13.685725,-10.624098
2309,2,4,Ventricular,Unknown,-10.530239,-14.331039,-7.721959,-7.583060,-7.058926
2319,0,2,Normal,Ventricular,-4.535477,-22.391014,-3.677233,-14.284811,-8.164077
2408,2,0,Ventricular,Normal,3.273024,-22.038605,1.005316,-12.772540,-10.452406
2437,2,0,Ventricular,Normal,-1.827772,-12.676671,-3.302766,-5.459507,-4.570507
2440,2,4,Ventricular,Unknown,-10.408448,-14.471701,-8.828215,-10.202882,-8.268193
2448,2,0,Ventricular,Normal,-2.845594,-8.512989,-3.303183,-4.127085,-5.922242
2467,2,4,Ventricular,Unknown,-12.226937,-16.499289,-8.340176,-10.046453,-7.781888
2487,2,3,Ventricular,Fusion,-6.265027,-16.509287,-11.752967,-3.293251,-4.930978
2492,4,0,Unknown,Normal,4.847611,-29.126801,-14.126930,-8.838313,3.119523
2497,4,3,Unknown,Fusion,-9.155644,-12.251545,-9.764256,-6.813349,-7.099641
2506,2,4,Ventricular,Unknown,-10.088297,-16.128437,-10.495088,-8.795159,-7.699934
2539,4,0,Unknown,Normal,-2.450214,-5.635279,-6.590015,-5.773860,-3.040804
2574,2,3,Ventricular,Fusion,-12.311315,-13.286444,-8.956157,-7.289132,-7.892007
2592,2,4,Ventricular,Unknown,-5.550519,-7.041076,-3.019881,-6.468081,-2.467504
2603,2,4,Ventricular,Unknown,-8.334943,-15.749564,-10.073408,-7.316387,-7.177990
2608,2,0,Ventricular,Normal,-7.545580,-11.349159,-11.073693,-8.845829,-8.615268
2648,2,0,Ventricular,Normal,-6.951478,-15.353040,-13.680188,-11.975103,-11.545576
2658,2,3,Ventricular,Fusion,-8.630032,-14.201965,-9.295699,-4.859447,-6.133159
2685,2,0,Ventricular,Normal,-7.377899,-8.389536,-8.728060,-13.495166,-11.241946
2705,2,4,Ventricular,Unknown,-4.643196,-7.333595,-3.642744,-5.954326,-2.670866
2719,2,0,Ventricular,Normal,-0.690232,-6.968160,-8.206477,-2.419739,-4.095875
2749,2,4,Ventricular,Unknown,-10.616337,-13.273582,-7.533240,-7.523877,-6.143012
2751,0,4,Normal,Unknown,0.591447,-28.893244,-14.041945,-7.581583,1.355560
2754,2,4,Ventricular,Unknown,-10.717536,-13.731156,-8.276786,-8.135816,-6.846385
2764,4,0,Unknown,Normal,3.915269,-16.806473,-13.976477,-2.406946,-0.603068
2786,2,0,Ventricular,Normal,-5.549502,-8.513976,-6.244411,-14.350904,-10.863941
2794,2,0,Ventricular,Normal,-4.937735,-9.731104,-5.715903,-13.587591,-10.350532
2815,2,0,Ventricular,Normal,-8.724490,-16.388397,-10.834107,-11.064988,-9.069835
2828,2,0,Ventricular,Normal,-5.653741,-11.988111,-6.352285,-13.953262,-10.100130
2851,2,4,Ventricular,Unknown,-11.274176,-15.766863,-9.979865,-10.026202,-8.390079
2869,2,0,Ventricular,Normal,-8.719593,-10.533063,-12.007091,-9.596969,-11.124211
2882,0,4,Normal,Unknown,-5.823890,-11.786166,-9.812075,-6.736147,-5.125813
2891,2,0,Ventricular,Normal,-3.788118,-10.538295,-4.771509,-4.504136,-4.611161
2894,0,3,Normal,Fusion,-4.102684,-6.467335,-15.793609,-3.773586,-7.721304
2913,2,0,Ventricular,Normal,-2.149824,-9.611753,-2.851065,-6.845605,-6.696111
2935,1,3,Supraventricular,Fusion,-13.444805,-5.438643,-18.180574,-4.139081,-12.905288
2956,3,0,Fusion,Normal,6.843167,-21.620810,-28.007086,1.759644,-3.543103
2969,0,1,Normal,Supraventricular,-3.770769,-3.406072,-7.850452,-6.619825,-5.324888
2970,2,0,Ventricular,Normal,-1.945789,-4.928625,-3.414097,-4.325974,-2.844625
2985,2,0,Ventricular,Normal,-6.290871,-12.529531,-8.175091,-13.262096,-10.213761
2988,2,0,Ventricular,Normal,-3.541904,-11.743871,-3.678869,-5.577610,-4.757026
3002,1,3,Supraventricular,Fusion,-8.054140,-3.243774,-9.668452,-2.718746,-8.619864
3017,4,3,Unknown,Fusion,-2.138426,-7.403906,-15.825294,-2.007004,-2.743806
3057,2,0,Ventricular,Normal,-5.123720,-13.249043,-9.657963,-17.108625,-12.875506
3073,4,0,Unknown,Normal,-0.353597,-8.459619,-7.933514,-6.497811,-3.611784
3077,0,4,Normal,Unknown,-6.688204,-10.516978,-10.012321,-6.486384,-4.513030
3080,2,0,Ventricular,Normal,-1.724896,-11.816585,-3.602270,-5.006688,-4.905926
3088,2,4,Ventricular,Unknown,-8.530868,-15.504540,-9.266305,-8.317634,-7.313020
3092,2,4,Ventricular,Unknown,-8.532198,-17.180721,-6.677203,-8.960439,-6.241281
3096,2,0,Ventricular,Normal,-5.566847,-10.971282,-7.651124,-14.036180,-9.388527
3110,2,4,Ventricular,Unknown,-9.194613,-15.385820,-7.169014,-9.543128,-6.919761
3162,2,4,Ventricular,Unknown,-8.462947,-13.974924,-7.529904,-9.577685,-7.440436
3172,4,3,Unknown,Fusion,-10.784088,-17.252752,-15.643950,-4.700481,-5.237934
3179,2,4,Ventricular,Unknown,-9.555149,-17.688633,-10.942019,-8.315229,-7.252455
3217,2,4,Ventricular,Unknown,-10.448072,-14.124897,-7.949913,-8.931084,-7.301054
3238,2,4,Ventricular,Unknown,-10.933448,-15.170091,-8.712031,-9.293638,-8.143367
3243,0,3,Normal,Fusion,-3.295776,-7.477827,-6.593090,-3.213724,-4.423431
3245,1,0,Supraventricular,Normal,-2.185382,-3.867746,-15.531317,-4.263972,-6.926658
3261,0,4,Normal,Unknown,-4.299788,-11.145602,-11.563813,-4.219024,-3.377410
3281,0,4,Normal,Unknown,-2.083443,-25.328823,-11.678628,-10.165110,-1.496887
3336,2,0,Ventricular,Normal,-3.753545,-10.526066,-8.905802,-14.242673,-10.150061
3367,2,0,Ventricular,Normal,-6.701328,-9.858024,-6.798776,-13.691544,-11.146448
3368,2,0,Ventricular,Normal,-0.582487,-13.133396,-4.822921,-3.458451,-6.774894
3379,2,4,Ventricular,Unknown,-9.368958,-14.513332,-8.548709,-10.737959,-7.157373
3449,2,0,Ventricular,Normal,-3.014076,-10.436750,-3.933470,-5.453845,-5.180258
3465,2,4,Ventricular,Unknown,-11.934607,-13.868758,-9.036072,-9.400391,-8.427356
3468,0,1,Normal,Supraventricular,-7.997244,-3.905571,-13.955214,-6.578204,-7.589691
3482,0,3,Normal,Fusion,-2.233407,-8.917011,-12.121547,-2.140972,-4.981343
3485,2,4,Ventricular,Unknown,-9.972799,-14.839433,-9.277378,-9.117282,-7.789926
3510,2,0,Ventricular,Normal,-4.887449,-9.545416,-6.081820,-13.289482,-9.006948
3517,2,4,Ventricular,Unknown,-5.343048,-15.535440,-8.554991,-7.647135,-4.555500
3525,0,2,Normal,Ventricular,-1.515747,-2.426773,-0.736089,-4.700644,-5.586935
3551,2,4,Ventricular,Unknown,-10.403462,-16.513128,-12.721701,-9.870303,-8.400348
3570,2,3,Ventricular,Fusion,-9.505680,-18.151644,-11.953330,-6.027329,-6.572894
3573,1,3,Supraventricular,Fusion,-7.017003,-7.020964,-5.869304,-3.886051,-16.309994
3588,2,0,Ventricular,Normal,-3.881985,-9.168654,-8.672202,-13.552063,-11.999817
3589,0,3,Normal,Fusion,-4.624653,-5.920530,-11.863050,-4.496826,-7.965771
3591,2,0,Ventricular,Normal,-5.547644,-13.031495,-12.632820,-6.385876,-11.353299
3618,1,0,Supraventricular,Normal,-4.020123,-5.745648,-14.666980,-4.207410,-8.069619
3673,0,3,Normal,Fusion,-1.411288,-9.230543,-14.443247,-1.164247,-4.086487
3704,1,0,Supraventricular,Normal,-3.485720,-3.632610,-5.697360,-5.635365,-4.233018
3737,2,4,Ventricular,Unknown,-7.751960,-14.458399,-9.821949,-6.951165,-6.307267
3761,2,0,Ventricular,Normal,-9.558621,-11.848373,-10.319429,-10.937871,-9.697936
3767,2,0,Ventricular,Normal,-3.245384,-9.081936,-8.040889,-14.303291,-10.666671
3768,0,4,Normal,Unknown,-4.280913,-11.310003,-11.545589,-5.127551,-2.979253
3786,1,3,Supraventricular,Fusion,-13.792339,-6.896787,-15.486706,-5.509713,-11.813297
3803,2,0,Ventricular,Normal,-8.065159,-10.067709,-12.502828,-11.191155,-9.836317
3889,2,0,Ventricular,Normal,-5.151820,-9.172705,-8.155611,-14.277105,-12.872587
3906,2,3,Ventricular,Fusion,-6.177088,-12.457639,-9.622302,-6.109553,-6.792335
3926,0,1,Normal,Supraventricular,-3.608524,-2.369217,-8.561594,-7.009740,-6.460438
3939,2,4,Ventricular,Unknown,-4.968752,-16.927382,-13.294215,-5.576835,-4.647256
3962,2,3,Ventricular,Fusion,-10.550407,-12.854941,-8.056517,-5.590041,-7.971297
3970,0,1,Normal,Supraventricular,-5.145290,-2.455781,-8.108550,-8.589746,-7.207684
3971,2,4,Ventricular,Unknown,-8.217870,-14.709476,-8.477649,-9.118868,-7.462893
3983,2,0,Ventricular,Normal,-3.262394,-10.972033,-3.458604,-4.338964,-5.495502
3994,2,4,Ventricular,Unknown,-11.673865,-15.870974,-9.361202,-10.036660,-7.710641
4000,1,0,Supraventricular,Normal,-3.929868,-4.305701,-11.422283,-4.473418,-4.092034
4035,2,0,Ventricular,Normal,-2.652369,-12.371371,-4.811199,-5.282030,-5.241560
4073,4,0,Unknown,Normal,4.092474,-13.633819,-16.125523,-0.060017,-2.013410
4075,4,3,Unknown,Fusion,-6.352312,-18.744080,-13.588884,-4.597159,-6.451712
4086,2,0,Ventricular,Normal,-6.355398,-18.486570,-10.588129,-9.188151,-7.470881
4089,2,0,Ventricular,Normal,-2.241980,-12.741274,-10.162483,-13.965648,-10.694189
4099,1,3,Supraventricular,Fusion,-4.115622,-3.437500,-10.089916,-3.135301,-6.690545
4106,0,4,Normal,Unknown,-2.947365,-9.026137,-10.273208,-3.447510,-1.658091
4109,2,3,Ventricular,Fusion,-9.117474,-15.883959,-7.395319,-4.426758,-5.638518
4113,2,0,Ventricular,Normal,-6.651855,-11.849008,-7.604629,-12.844216,-10.010494
4117,2,3,Ventricular,Fusion,-3.839385,-9.161525,-4.323986,-3.637193,-5.543548
4124,1,3,Supraventricular,Fusion,-7.959773,-3.049589,-9.338573,-2.928926,-9.451179
4156,2,4,Ventricular,Unknown,-9.234263,-16.138298,-8.000198,-8.896927,-7.088653
4189,2,0,Ventricular,Normal,-9.436176,-11.031538,-12.229280,-9.735932,-9.562826
4205,0,4,Normal,Unknown,-6.794731,-5.048255,-5.234260,-9.124285,-4.404836
4236,2,4,Ventricular,Unknown,-11.386214,-14.809821,-8.428421,-7.122510,-6.615077
4243,0,4,Normal,Unknown,-4.404418,-7.554046,-5.275738,-5.294948,-4.050523
4257,1,4,Supraventricular,Unknown,-3.909088,-4.024252,-8.783842,-5.486039,-2.885235
4263,2,3,Ventricular,Fusion,-5.577309,-11.454051,-4.988475,-4.676248,-6.669032
4284,2,4,Ventricular,Unknown,-10.219350,-9.109352,-10.256612,-8.798750,-8.724974
4290,2,0,Ventricular,Normal,-8.179671,-10.357924,-10.813354,-9.480752,-9.525816
4291,4,0,Unknown,Normal,-4.897017,-12.600986,-11.969521,-5.909198,-6.379542
4328,2,0,Ventricular,Normal,-6.573424,-9.977140,-8.056045,-14.227849,-11.209761
4335,3,0,Fusion,Normal,-2.310502,-7.598415,-15.704466,-4.198570,-8.250257
4337,2,3,Ventricular,Fusion,-10.354035,-14.445341,-9.282578,-7.878608,-8.253057
4354,0,1,Normal,Supraventricular,-2.455256,-1.861504,-5.688382,-3.971277,-6.269578
4372,2,3,Ventricular,Fusion,-10.223312,-12.123481,-9.885841,-8.143386,-9.048139
4381,2,4,Ventricular,Unknown,-9.106043,-14.307024,-8.516297,-10.064191,-7.586753
4398,0,4,Normal,Unknown,0.227882,-8.981292,-9.814475,-4.210690,0.274562
4417,3,0,Fusion,Normal,3.354541,-11.489486,-32.336750,2.613528,-3.349199
4418,3,0,Fusion,Normal,9.986790,-22.639456,-44.020325,3.108140,-5.462483
4447,0,4,Normal,Unknown,-1.537138,-7.549181,-9.690933,-5.707347,-1.155706
4460,0,2,Normal,Ventricular,-3.406426,-19.325054,-1.619365,-13.719005,-6.991120
4507,3,1,Fusion,Supraventricular,-6.862613,-4.808631,-10.059836,-5.365076,-6.164249
4537,0,1,Normal,Supraventricular,-5.881371,-2.316331,-7.685095,-7.376063,-7.325740
4547,0,1,Normal,Supraventricular,-3.942885,-3.406611,-7.723498,-6.511037,-6.708079
4558,2,0,Ventricular,Normal,-2.680640,-6.024442,-2.688172,-5.145788,-4.183153
4561,2,0,Ventricular,Normal,-4.067711,-12.640471,-4.608449,-6.674306,-6.299542
4600,0,2,Normal,Ventricular,-3.014606,-5.781470,0.010758,-4.220027,-9.714575
4608,0,4,Normal,Unknown,-3.290787,-7.901021,-8.011597,-4.858756,-2.640939
4610,2,4,Ventricular,Unknown,-10.923234,-13.433035,-9.428139,-9.116738,-7.733219
4621,2,0,Ventricular,Normal,-0.203899,-12.263535,-4.139926,-5.527375,-6.586477
4624,4,0,Unknown,Normal,-2.332786,-8.555321,-6.045465,-4.674659,-2.629803
4644,2,0,Ventricular,Normal,-8.251960,-14.247212,-12.422019,-8.345663,-10.009596
4646,1,3,Supraventricular,Fusion,-2.597017,-6.148771,-12.653168,-1.930930,-5.783213
4650,2,4,Ventricular,Unknown,-13.518943,-15.753111,-7.677611,-7.908724,-7.162877
4700,1,0,Supraventricular,Normal,-2.003201,-3.261425,-10.464457,-3.043286,-5.328801
4737,2,4,Ventricular,Unknown,-10.229017,-14.282518,-7.385487,-8.692555,-6.078542
4782,4,0,Unknown,Normal,3.880194,-29.453377,-16.365891,-4.900241,1.817104
4805,4,3,Unknown,Fusion,-11.369448,-8.794072,-11.902832,-6.094220,-7.149055
4836,1,0,Supraventricular,Normal,0.936869,-13.195341,-10.710605,-4.306952,-9.448895
4851,3,0,Fusion,Normal,-2.581006,-9.447677,-17.514336,-4.713445,-8.346230
4884,0,1,Normal,Supraventricular,-4.597678,-3.341594,-10.621211,-7.423977,-4.140417
4896,0,2,Normal,Ventricular,-4.002031,-8.567288,-3.437838,-4.821877,-3.781327
4926,2,0,Ventricular,Normal,-7.735653,-11.747211,-11.195037,-10.407540,-8.551318
4958,2,0,Ventricular,Normal,-4.206016,-17.935541,-8.515228,-5.810311,-6.608372
4979,0,2,Normal,Ventricular,-3.702256,-23.597986,-3.179107,-14.417783,-6.168985
4980,2,4,Ventricular,Unknown,-9.241707,-12.808924,-7.868270,-7.942726,-6.811569
4991,2,0,Ventricular,Normal,-4.055359,-8.579792,-8.164403,-12.118829,-9.241485
4992,1,3,Supraventricular,Fusion,-14.488269,-5.604133,-14.858588,-5.151990,-12.568202
5042,3,0,Fusion,Normal,-3.370330,-9.206466,-17.144718,-4.851899,-5.722228
5065,1,3,Supraventricular,Fusion,-11.014680,-7.159267,-17.096075,-3.943948,-9.899590
5091,2,3,Ventricular,Fusion,-7.931916,-11.741571,-11.360914,-7.921683,-8.901847
5117,3,1,Fusion,Supraventricular,-12.792873,-3.597747,-15.279870,-6.372077,-9.575562
5120,1,3,Supraventricular,Fusion,-14.969160,-9.021626,-21.880892,-8.643138,-13.299400
5156,0,3,Normal,Fusion,-5.088205,-6.806195,-9.066651,-4.795881,-6.041449
5179,2,4,Ventricular,Unknown,-9.760690,-15.437268,-9.810824,-6.971694,-6.678306
5183,2,4,Ventricular,Unknown,-10.723459,-13.951283,-8.104134,-9.107150,-7.737329
5202,2,4,Ventricular,Unknown,-10.546906,-16.721025,-7.359241,-8.586384,-7.154184
5230,2,0,Ventricular,Normal,-5.793367,-8.384378,-9.212105,-13.536258,-10.514028
5232,2,4,Ventricular,Unknown,-3.798949,-8.039686,-5.140146,-5.652216,-3.072269
5235,0,1,Normal,Supraventricular,-4.613712,-3.466119,-11.423402,-8.405451,-6.980503
5250,2,4,Ventricular,Unknown,-9.981300,-17.184473,-8.268876,-8.936100,-6.754918
5339,0,1,Normal,Supraventricular,-3.405987,-1.442716,-5.481152,-11.215662,-7.401161
5347,2,4,Ventricular,Unknown,-3.097912,-9.646826,-2.545780,-6.507072,-2.213006
5372,2,0,Ventricular,Normal,-4.532383,-7.946460,-4.581085,-12.777459,-9.883449
5418,3,1,Fusion,Supraventricular,-8.507891,-2.741239,-16.178698,-6.009008,-6.792804
5421,2,4,Ventricular,Unknown,-10.894755,-14.896599,-8.630050,-9.982876,-7.421045
5425,2,0,Ventricular,Normal,-3.114763,-11.125573,-4.500627,-4.622083,-5.252664
5441,0,1,Normal,Supraventricular,-3.654135,-2.960498,-10.787572,-7.237894,-7.247482
5459,2,4,Ventricular,Unknown,-9.365826,-15.026670,-8.637262,-8.040007,-6.731869
5477,2,0,Ventricular,Normal,-5.056497,-10.715703,-6.154080,-13.289586,-10.623544
5484,2,4,Ventricular,Unknown,-10.865651,-15.462006,-7.134004,-8.347689,-6.565681
5488,2,4,Ventricular,Unknown,-8.684177,-13.951092,-10.340310,-9.597024,-8.436703
5500,0,4,Normal,Unknown,-4.187733,-13.143922,-11.703529,-4.468520,-2.991142
5502,2,0,Ventricular,Normal,-9.820414,-16.317236,-15.350104,-12.004153,-12.366365
5509,2,4,Ventricular,Unknown,-7.400499,-14.219834,-7.596643,-9.227036,-6.773660
5538,2,0,Ventricular,Normal,-1.588957,-5.327227,-3.569649,-6.006859,-4.057610
5559,3,0,Fusion,Normal,4.020267,-20.981749,-27.757376,2.358909,-3.973399
5571,2,4,Ventricular,Unknown,-9.109953,-13.704232,-8.615099,-7.760374,-7.396120
5574,0,4,Normal,Unknown,-5.222558,-4.809850,-9.765235,-6.201410,-4.389921
5589,2,0,Ventricular,Normal,-10.261281,-18.841040,-13.697974,-13.280706,-11.497308
5603,2,0,Ventricular,Normal,-3.779785,-11.436510,-12.660261,-6.720091,-8.538877
5606,1,3,Supraventricular,Fusion,-6.542356,-19.292364,-29.263332,-6.398701,-16.098307
5611,2,0,Ventricular,Normal,-0.786322,-16.309639,-10.328955,-5.734406,-6.182230
5617,2,0,Ventricular,Normal,-4.350317,-11.179747,-9.222764,-14.258918,-10.900898
5621,4,0,Unknown,Normal,3.732256,-18.817469,-11.768559,-3.139261,0.112465
5623,2,4,Ventricular,Unknown,-7.938990,-17.966698,-8.369511,-7.197375,-5.246986
5637,4,0,Unknown,Normal,-1.557084,-5.774886,-6.730169,-5.190468,-1.750721
5642,0,4,Normal,Unknown,-3.145712,-21.592440,-9.241411,-12.144495,-2.879879
5644,2,0,Ventricular,Normal,-4.618141,-9.305130,-8.422001,-13.835140,-12.133982
5648,2,0,Ventricular,Normal,-8.505079,-15.884676,-10.974769,-9.436905,-8.542680
5675,2,3,Ventricular,Fusion,-5.130665,-11.423537,-4.580850,-4.142444,-6.599781
5678,2,0,Ventricular,Normal,-5.080569,-18.434477,-11.449029,-6.850045,-5.645043
5735,0,4,Normal,Unknown,-3.630924,-7.607910,-3.989246,-7.194669,-1.447623
5737,2,4,Ventricular,Unknown,-8.389094,-16.192253,-8.709215,-7.189567,-5.694378
5742,2,0,Ventricular,Normal,-5.411612,-8.891559,-7.604149,-12.928819,-10.246001
5767,4,3,Unknown,Fusion,-5.149110,-32.463425,-25.807899,0.099096,-9.655638
5782,3,0,Fusion,Normal,-1.154237,-6.837965,-11.127038,-3.052476,-8.007387
5793,0,2,Normal,Ventricular,-2.876320,-5.320449,-1.241054,-4.592536,-9.540748
5821,0,4,Normal,Unknown,-3.600958,-7.963132,-6.846243,-4.873290,-3.229263
5829,2,3,Ventricular,Fusion,-6.275237,-12.685838,-11.315333,-2.760198,-5.095923
5839,0,2,Normal,Ventricular,-5.012787,-20.586685,-3.608809,-13.425173,-7.204165
5853,2,4,Ventricular,Unknown,-11.409473,-12.999425,-9.159910,-10.287383,-8.636002
5854,2,0,Ventricular,Normal,-8.319776,-13.614924,-11.812162,-9.583836,-8.938890
5885,2,4,Ventricular,Unknown,-8.293256,-15.650336,-8.549746,-9.456643,-8.273242
5921,2,0,Ventricular,Normal,-4.611886,-17.684372,-9.827228,-7.361641,-7.222418
5925,2,0,Ventricular,Normal,-4.975698,-13.473783,-11.378113,-8.919883,-6.457694
5937,2,0,Ventricular,Normal,-7.687257,-9.155961,-8.909155,-14.082493,-11.977463
6012,0,4,Normal,Unknown,-2.410702,-10.580962,-11.338814,-4.145964,-0.911504
6026,2,0,Ventricular,Normal,-5.702880,-11.738180,-9.294611,-13.387423,-11.180817
6027,2,0,Ventricular,Normal,-6.065403,-16.677385,-8.700746,-9.512102,-7.041564
6032,2,4,Ventricular,Unknown,-11.334787,-17.185762,-7.331816,-8.521878,-6.859725
6044,0,3,Normal,Fusion,-2.632161,-12.422587,-15.221037,-1.346138,-7.471726
6058,4,0,Unknown,Normal,2.442164,-23.850130,-19.535061,-1.651983,1.894121
6064,0,1,Normal,Supraventricular,-7.360456,-3.050485,-7.971478,-4.214702,-5.906743
6075,4,0,Unknown,Normal,0.291871,-5.357357,-8.222950,-4.630527,-1.597099
6079,2,4,Ventricular,Unknown,-10.320240,-11.029222,-11.302331,-9.726262,-9.584065
6107,4,0,Unknown,Normal,0.486526,-9.626348,-8.982844,-7.104871,-1.903323
6109,2,3,Ventricular,Fusion,-10.217851,-10.779904,-11.031628,-9.206087,-9.326501
6124,0,1,Normal,Supraventricular,-4.923957,-4.221911,-11.472383,-4.582778,-6.335101
6141,2,4,Ventricular,Unknown,-7.688498,-17.263222,-8.438460,-8.661917,-6.964330
6193,2,4,Ventricular,Unknown,-9.448387,-14.206505,-8.815830,-9.806111,-7.974796
6232,2,0,Ventricular,Normal,-2.857672,-10.036837,-6.243856,-15.544433,-10.091678
6276,2,0,Ventricular,Normal,-2.171522,-10.597127,-4.905993,-5.135753,-6.094452
6286,2,3,Ventricular,Fusion,-10.672823,-9.783770,-10.512903,-9.597483,-10.260702
6290,2,0,Ventricular,Normal,1.505404,-12.074821,-4.056627,-5.123212,-6.673769
6296,4,0,Unknown,Normal,3.562185,-29.177481,-16.113379,-5.288673,2.183967
6319,1,0,Supraventricular,Normal,-2.282773,-3.447571,-9.240010,-7.668756,-7.347046
6340,4,0,Unknown,Normal,2.832502,-8.791451,-14.168614,-4.079946,-3.129228
6383,0,1,Normal,Supraventricular,-4.303938,-4.277433,-11.798666,-6.653228,-6.052981
6398,2,3,Ventricular,Fusion,-9.143684,-16.259531,-8.987232,-4.531754,-5.457429
6405,0,1,Normal,Supraventricular,-3.514573,-3.421886,-8.421983,-9.999613,-6.236242
6410,2,0,Ventricular,Normal,-0.632268,-9.332444,-4.408719,-5.313730,-5.687939
6429,2,4,Ventricular,Unknown,-9.382281,-16.886202,-7.703591,-8.514221,-6.804757
6437,0,4,Normal,Unknown,-4.470974,-10.276887,-12.021705,-5.539908,-4.255535
6455,2,0,Ventricular,Normal,2.050082,-24.544876,-11.341743,-1.830299,-7.198991
6458,2,4,Ventricular,Unknown,-10.739005,-17.349798,-6.230019,-8.069410,-6.052113
6467,0,4,Normal,Unknown,-3.590071,-6.707098,-12.565698,-5.155368,-3.023043
6473,2,4,Ventricular,Unknown,-8.191091,-14.323096,-8.600556,-8.676683,-7.082788
6476,0,1,Normal,Supraventricular,-5.011662,-3.432720,-7.323711,-7.770881,-6.938343
6481,4,0,Unknown,Normal,-0.402447,-6.601872,-9.019499,-5.870026,-2.307763
6493,2,4,Ventricular,Unknown,-9.649740,-14.921558,-7.603376,-7.687592,-6.797766
6523,1,3,Supraventricular,Fusion,-7.790796,-3.153719,-10.055982,-2.605262,-9.174476
6525,4,0,Unknown,Normal,0.601541,-21.689167,-3.126319,-8.905305,-0.023317
6560,4,0,Unknown,Normal,1.428777,-10.621868,-11.784599,-0.822439,-2.767184
6567,4,0,Unknown,Normal,-0.543158,-9.855852,-11.560671,-3.900912,-2.153370
6590,2,0,Ventricular,Normal,-0.392000,-9.839833,-4.780450,-6.030183,-6.563210
6609,4,0,Unknown,Normal,-0.911325,-7.286081,-7.392809,-5.532115,-1.893613
6610,2,0,Ventricular,Normal,-5.228491,-7.610660,-7.319383,-13.321681,-9.351863
6618,2,0,Ventricular,Normal,-5.756885,-10.390370,-13.913327,-7.343288,-7.851868
6631,2,4,Ventricular,Unknown,-6.923197,-15.420558,-7.523813,-6.885871,-5.969555
6635,2,0,Ventricular,Normal,-7.400559,-14.457581,-11.867827,-14.003573,-13.502125
6643,3,1,Fusion,Supraventricular,-4.346532,-1.779871,-14.219578,-3.709185,-4.651741
6646,1,3,Supraventricular,Fusion,-7.096512,-3.026506,-11.353883,-2.277898,-8.908693
6654,2,0,Ventricular,Normal,-4.305127,-9.964042,-10.962209,-13.884719,-12.374299
6656,2,4,Ventricular,Unknown,-8.639259,-14.846361,-10.698452,-9.108779,-8.483703
6660,2,4,Ventricular,Unknown,-9.185897,-16.005781,-9.864535,-7.601891,-7.465221
6670,2,0,Ventricular,Normal,-8.363326,-12.002207,-10.149153,-10.193126,-8.573839
6687,2,3,Ventricular,Fusion,-7.252271,-10.490490,-3.889665,-3.178500,-6.098422
6695,0,4,Normal,Unknown,-4.598298,-13.403230,-10.636206,-8.480805,-4.494906
6718,4,0,Unknown,Normal,3.163137,-12.565882,-14.188284,-2.875848,-0.504015
6730,2,4,Ventricular,Unknown,-10.524737,-15.028288,-8.217679,-9.659535,-7.537207
6731,4,3,Unknown,Fusion,-8.568262,-13.596088,-12.049892,-4.346599,-5.114761
6734,2,3,Ventricular,Fusion,-8.658813,-12.551153,-10.575434,-8.280378,-9.077923
6735,2,0,Ventricular,Normal,-6.429993,-11.136588,-7.410200,-14.821168,-11.016854
6741,2,0,Ventricular,Normal,-4.719776,-15.402843,-11.295029,-4.808056,-6.567746
6745,4,0,Unknown,Normal,0.942182,-7.679967,-8.755630,-3.806666,-2.578992
6791,0,2,Normal,Ventricular,-3.681369,-10.551013,-3.416866,-6.035414,-5.470651
6793,2,0,Ventricular,Normal,-6.300346,-11.658383,-9.322607,-8.685334,-7.445832
6851,0,4,Normal,Unknown,-4.040578,-6.627924,-4.839418,-5.037415,-3.952805
6852,2,0,Ventricular,Normal,-4.472544,-10.466765,-8.610408,-13.347730,-9.932752
6854,2,3,Ventricular,Fusion,-5.317344,-10.908771,-5.036215,-4.822881,-7.331794
6868,2,0,Ventricular,Normal,-6.256138,-12.057004,-9.057470,-15.711787,-11.707251
6873,1,0,Supraventricular,Normal,-2.340937,-2.423789,-16.858095,-3.757406,-3.768097
6883,2,0,Ventricular,Normal,-8.039268,-14.802010,-11.352735,-9.912443,-9.586028
6900,2,0,Ventricular,Normal,-5.504029,-9.807337,-10.227919,-13.956258,-10.693797
6960,4,0,Unknown,Normal,-0.156458,-6.367938,-5.519917,-5.365287,-4.200819
6967,2,0,Ventricular,Normal,-6.152561,-13.412236,-8.390608,-7.213158,-6.202113
6979,2,4,Ventricular,Unknown,-10.989394,-15.139335,-8.395686,-8.493322,-6.732336
6998,2,4,Ventricular,Unknown,-9.675188,-14.896265,-7.654088,-9.723764,-7.365148
7083,0,4,Normal,Unknown,-4.669674,-15.862877,-10.543447,-11.190379,-3.859097
7096,0,4,Normal,Unknown,-2.787239,-14.702415,-11.272579,-5.143896,-2.657464
7123,4,0,Unknown,Normal,-1.525081,-6.229167,-18.842428,-1.817919,-1.554644
7152,2,3,Ventricular,Fusion,-8.291628,-12.200033,-11.699606,-3.740304,-6.422397
7160,4,3,Unknown,Fusion,-8.892637,-10.116671,-11.632212,-5.675059,-6.827077
7169,2,4,Ventricular,Unknown,-11.827674,-14.920643,-9.583190,-11.048904,-9.360187
7171,0,3,Normal,Fusion,-3.865299,-8.177599,-14.461029,-3.686274,-7.455414
7200,2,4,Ventricular,Unknown,-8.963286,-13.762963,-8.529791,-8.978600,-6.891371
7206,2,0,Ventricular,Normal,-1.015479,-8.856464,-8.781241,-2.553441,-5.396655
7226,0,4,Normal,Unknown,-1.105763,-22.730743,-12.036630,-9.503432,-0.397096
7270,2,3,Ventricular,Fusion,-8.891645,-14.173220,-9.103294,-4.881137,-6.199584
7293,4,0,Unknown,Normal,1.268675,-24.438448,-19.402246,-1.250404,1.198333
7322,2,4,Ventricular,Unknown,-10.957073,-17.939707,-9.142060,-8.498050,-7.147500
7353,4,0,Unknown,Normal,0.519702,-13.173118,-6.155138,-4.744981,-3.452898
7372,2,4,Ventricular,Unknown,-4.358547,-8.687796,-3.490707,-6.655392,-2.834612
7401,2,4,Ventricular,Unknown,-11.077519,-15.068270,-7.647138,-8.224378,-6.507827
7412,0,4,Normal,Unknown,-5.453546,-18.622835,-9.869713,-10.084742,-4.846076
7435,0,3,Normal,Fusion,-1.803609,-11.673378,-13.234325,-1.529566,-7.413136
7447,2,0,Ventricular,Normal,-6.163973,-8.404935,-6.378117,-13.238567,-10.815181
7456,1,3,Supraventricular,Fusion,-7.376657,-3.867697,-13.038771,-2.989710,-9.797900
7470,0,4,Normal,Unknown,-1.251109,-6.201562,-12.037780,-5.938911,-0.651666
7476,0,4,Normal,Unknown,-1.932030,-9.371532,-11.965449,-5.327074,-1.793495
7483,2,0,Ventricular,Normal,-6.660084,-9.652695,-7.288219,-13.798732,-9.822410
7486,4,0,Unknown,Normal,-4.990449,-9.998399,-10.977315,-6.641353,-7.524099
7494,2,4,Ventricular,Unknown,-10.180565,-16.386391,-9.293587,-8.954870,-7.441515
7511,4,0,Unknown,Normal,-0.055663,-11.046720,-11.188222,-4.435115,-0.811627
7516,4,0,Unknown,Normal,0.821371,-5.816998,-7.973204,-7.161562,-1.614262
7540,2,4,Ventricular,Unknown,-10.290860,-13.522305,-9.079281,-8.260162,-7.366539
7550,2,0,Ventricular,Normal,-2.960108,-9.795587,-7.773034,-13.646645,-11.473345
7594,2,0,Ventricular,Normal,-4.279265,-8.120420,-4.517382,-10.662903,-8.768669
7615,2,0,Ventricular,Normal,-1.358361,-6.722097,-4.390058,-5.708842,-3.442235
7679,2,3,Ventricular,Fusion,-9.520049,-13.247805,-7.467642,-6.221330,-6.731371
7690,2,0,Ventricular,Normal,-7.162192,-10.537998,-7.604568,-14.833809,-11.367946
7692,0,3,Normal,Fusion,-10.122706,-9.366188,-17.196100,-6.131400,-11.143813
7719,4,0,Unknown,Normal,1.181748,-8.933662,-7.304237,-5.450152,0.303200
7773,2,0,Ventricular,Normal,-8.574953,-12.557117,-8.682745,-9.732305,-8.613420
7781,0,1,Normal,Supraventricular,-5.298243,-3.123930,-9.424281,-7.783629,-6.930459
7803,2,4,Ventricular,Unknown,-11.658484,-17.225451,-9.663881,-9.957150,-8.392947
7827,2,0,Ventricular,Normal,-5.796000,-15.297058,-8.411132,-10.080968,-7.912620
7858,1,0,Supraventricular,Normal,-2.709785,-3.030215,-5.187487,-3.421655,-4.090104
7871,1,3,Supraventricular,Fusion,-3.669326,-8.073957,-18.262449,-0.909786,-3.974848
7895,2,4,Ventricular,Unknown,-4.353135,-8.072968,-2.756735,-6.427245,-2.186327
7896,2,4,Ventricular,Unknown,-9.280727,-17.296745,-11.227837,-9.662099,-7.791430
7910,1,0,Supraventricular,Normal,-3.832924,-6.012208,-10.267775,-5.423225,-7.791540
7914,4,0,Unknown,Normal,-2.271449,-5.960988,-8.248008,-6.784514,-3.595440
7924,4,0,Unknown,Normal,-6.370593,-10.426042,-9.164080,-13.834363,-10.363315
7925,0,4,Normal,Unknown,-3.629566,-22.744215,-9.652801,-12.357493,-3.218821
7941,2,0,Ventricular,Normal,-5.788505,-15.929845,-10.296539,-8.634328,-7.222343
7964,2,3,Ventricular,Fusion,-3.687200,-14.351770,-9.605122,-1.003386,-6.679842
7975,0,4,Normal,Unknown,-3.832699,-22.572233,-10.572546,-10.200394,-1.628651
7978,4,3,Unknown,Fusion,-9.748171,-14.755062,-14.199982,-4.453507,-5.488191
7980,2,4,Ventricular,Unknown,-10.042756,-12.646585,-11.359468,-10.468285,-8.484545
8027,2,4,Ventricular,Unknown,-9.687082,-15.598877,-7.472245,-10.052078,-6.958643
8044,2,3,Ventricular,Fusion,-11.203479,-15.132647,-6.817288,-6.785429,-7.125132
8049,2,0,Ventricular,Normal,-1.602961,-12.256684,-9.989705,-14.655150,-10.893197
8071,2,0,Ventricular,Normal,-7.145413,-9.831691,-9.810431,-13.519453,-11.098982
8078,2,4,Ventricular,Unknown,-9.679747,-16.540775,-9.673885,-8.283120,-8.184073
8086,2,0,Ventricular,Normal,-3.855623,-9.780191,-8.790854,-13.555227,-10.059849
8134,2,4,Ventricular,Unknown,-9.660654,-11.823902,-7.804052,-6.432113,-5.987804
8145,0,4,Normal,Unknown,-4.223466,-5.146388,-5.739751,-5.477281,-3.573893
8156,2,0,Ventricular,Normal,-3.378698,-9.458313,-4.227763,-5.480418,-7.435937
8166,1,3,Supraventricular,Fusion,-8.564823,-2.984681,-9.671567,-2.231506,-9.695020
8222,2,0,Ventricular,Normal,-4.950810,-11.081386,-10.633986,-13.957557,-11.405312
8226,4,0,Unknown,Normal,-0.962016,-6.828984,-5.636500,-6.868683,-2.966744
8239,2,3,Ventricular,Fusion,-9.700897,-12.076568,-10.783714,-8.635542,-9.278257
8246,2,4,Ventricular,Unknown,-9.228777,-15.447236,-7.955073,-9.785381,-7.896502
8263,4,0,Unknown,Normal,-0.943788,-9.795708,-7.752927,-5.725538,-2.340016
8282,2,0,Ventricular,Normal,-8.662026,-9.484306,-10.219908,-9.269305,-9.383836
8283,2,0,Ventricular,Normal,-7.793736,-19.287880,-9.539520,-10.284225,-8.573701
8296,0,4,Normal,Unknown,-1.000175,-26.611914,-13.388576,-9.626768,-0.987135
8298,2,0,Ventricular,Normal,-5.910708,-15.277282,-8.223465,-12.136115,-7.912284
8305,4,0,Unknown,Normal,-0.544102,-13.235141,-10.632436,-4.563644,-0.682802
8323,2,3,Ventricular,Fusion,-8.714606,-13.886020,-9.858632,-7.789096,-7.898507
8326,0,3,Normal,Fusion,-4.029339,-13.905163,-13.522655,-3.789718,-3.867439
8366,2,4,Ventricular,Unknown,-10.329089,-15.038541,-7.117070,-8.011575,-6.355746
8390,2,4,Ventricular,Unknown,-10.841662,-13.944142,-9.164756,-9.096063,-7.688612
8401,0,4,Normal,Unknown,-4.542045,-6.899271,-7.825955,-4.977231,-4.274308
8404,1,3,Supraventricular,Fusion,-3.827785,-17.813288,-11.786292,-0.229544,-11.159380
8414,0,3,Normal,Fusion,-0.289099,-39.233711,-18.922594,0.163198,-20.705725
8445,2,0,Ventricular,Normal,-5.360693,-6.023838,-7.078157,-10.749502,-9.435336
8448,2,0,Ventricular,Normal,-1.127032,-10.626038,-4.679811,-3.783041,-6.768478
8458,2,0,Ventricular,Normal,-2.907048,-10.943581,-4.952365,-5.036923,-5.109141
8474,2,1,Ventricular,Supraventricular,-9.879319,-8.276259,-10.488564,-10.519423,-10.015940
8479,4,0,Unknown,Normal,1.705036,-14.716388,-14.329503,-4.592132,-0.434085
8497,4,0,Unknown,Normal,0.615074,-8.175114,-10.409949,-4.342777,-0.593598
8519,1,3,Supraventricular,Fusion,-12.534958,-5.506033,-16.355722,-4.699227,-12.786527
8543,2,4,Ventricular,Unknown,-10.494610,-13.009897,-7.593042,-8.574647,-7.284767
8548,3,0,Fusion,Normal,7.728857,-29.339895,-54.349483,5.724041,-8.227720
8566,1,3,Supraventricular,Fusion,-7.467294,-2.466050,-11.686822,-2.180136,-9.068858
8578,0,2,Normal,Ventricular,-6.804633,-10.397943,-2.545846,-7.172944,-3.109901
8596,4,0,Unknown,Normal,-1.471966,-9.997425,-8.836391,-4.286518,-1.634145
8605,2,4,Ventricular,Unknown,-8.897376,-12.161641,-9.719485,-8.031240,-7.125434
8639,4,0,Unknown,Normal,-3.312159,-8.564591,-11.798100,-6.376530,-5.047765
8643,2,0,Ventricular,Normal,1.338531,-11.591947,-4.471377,-4.365207,-5.431061
8646,2,0,Ventricular,Normal,-6.265119,-10.882130,-10.786620,-13.218580,-11.106393
8663,4,0,Unknown,Normal,-1.809437,-9.305184,-8.587661,-4.856595,-4.752312
8685,2,0,Ventricular,Normal,-8.075893,-11.315640,-10.389473,-10.232424,-10.443999
8696,2,4,Ventricular,Unknown,-9.222364,-16.269444,-6.987778,-5.674513,-5.483030
8714,2,0,Ventricular,Normal,-8.475485,-13.573903,-10.836823,-10.241319,-8.789526
8727,2,0,Ventricular,Normal,-6.433536,-13.388019,-12.522942,-7.801792,-8.671268
8738,3,0,Fusion,Normal,-1.603113,-1.782304,-3.291991,-3.340335,-3.433143
8754,0,1,Normal,Supraventricular,-2.985703,-2.861427,-9.486660,-7.866565,-6.751326
8755,2,0,Ventricular,Normal,-7.818510,-8.804198,-10.198359,-14.559592,-13.030342
8762,2,4,Ventricular,Unknown,-8.517668,-13.293035,-11.421041,-9.370736,-8.273005
8795,2,4,Ventricular,Unknown,-9.020276,-13.737141,-11.505187,-9.697040,-8.048465
8817,2,0,Ventricular,Normal,-7.679573,-21.767130,-11.210222,-13.016830,-8.473703
8823,2,0,Ventricular,Normal,-3.917855,-11.247567,-8.659636,-15.290162,-11.397053
8831,2,4,Ventricular,Unknown,-8.756726,-15.066296,-10.331964,-10.072582,-8.485029
8839,2,4,Ventricular,Unknown,-9.258940,-18.808764,-9.831931,-8.550034,-6.951140
8848,0,1,Normal,Supraventricular,-4.682183,-4.508609,-8.496519,-8.194889,-6.846013
8942,2,0,Ventricular,Normal,-4.170931,-13.618231,-11.609637,-14.900103,-12.933249
8952,2,0,Ventricular,Normal,-3.160242,-10.743809,-7.870715,-15.052817,-10.868227
9069,1,3,Supraventricular,Fusion,-14.651258,-4.385440,-15.084438,-4.023003,-14.069774
9076,2,4,Ventricular,Unknown,-8.886529,-11.569216,-10.025032,-8.522915,-8.084858
9078,2,4,Ventricular,Unknown,-9.520182,-15.405230,-8.634176,-9.663772,-7.932115
9099,3,1,Fusion,Supraventricular,-8.799446,-5.650582,-11.868548,-6.038516,-6.601912
9105,4,0,Unknown,Normal,3.311984,-43.591682,-20.790434,-2.131779,-1.395695
9151,1,3,Supraventricular,Fusion,-6.133229,-9.985172,-16.583035,-4.027768,-10.160123
9165,0,4,Normal,Unknown,-3.895706,-20.680872,-9.516195,-10.611149,-2.367460
9166,2,0,Ventricular,Normal,-3.002641,-4.436429,-4.966591,-5.945162,-5.470576
9167,0,1,Normal,Supraventricular,-5.708835,-3.761432,-8.172522,-8.707547,-6.282494
9169,2,0,Ventricular,Normal,-5.087452,-9.477756,-8.214698,-14.963701,-12.024549
9170,1,4,Supraventricular,Unknown,-3.620929,-3.332361,-6.194341,-5.818135,-3.248744
9179,2,4,Ventricular,Unknown,-10.979719,-14.833216,-9.817674,-10.609458,-7.690583
9223,1,3,Supraventricular,Fusion,-7.774304,-2.549624,-11.110911,-1.901008,-8.710026
9224,2,0,Ventricular,Normal,-4.544173,-9.292006,-10.383457,-11.103017,-10.535755
9244,1,0,Supraventricular,Normal,-3.493096,-3.951395,-8.324777,-5.449762,-7.333621
9259,0,4,Normal,Unknown,-2.063786,-24.290588,-12.009100,-10.532796,-1.860584
9272,0,1,Normal,Supraventricular,-5.295996,-3.548531,-11.613777,-6.346954,-5.736958
9274,3,0,Fusion,Normal,-1.746739,-10.500614,-17.101814,-1.835239,-5.723567
9279,3,0,Fusion,Normal,-1.435291,-8.998590,-13.865535,-2.269750,-4.168562
9317,2,0,Ventricular,Normal,-5.383214,-10.041892,-8.968933,-14.027877,-12.965405
9329,0,3,Normal,Fusion,-4.631777,-7.927442,-15.970372,-4.351232,-7.410213
9368,2,4,Ventricular,Unknown,-9.142107,-16.206890,-8.418271,-11.172665,-8.157661
9374,2,0,Ventricular,Normal,-2.920214,-10.166243,-8.484472,-15.688948,-11.082513
9386,4,0,Unknown,Normal,2.147463,-7.338125,-10.191786,-5.118431,-5.701490
9406,2,1,Ventricular,Supraventricular,-7.743299,-6.078996,-6.729495,-13.558448,-11.409722
9407,2,4,Ventricular,Unknown,-8.699823,-10.803953,-7.617383,-7.483852,-7.250187
9428,2,0,Ventricular,Normal,-6.261049,-11.818886,-6.994105,-12.756679,-9.146305
9430,4,0,Unknown,Normal,3.261331,-27.350338,-14.646433,-6.838909,2.042692
9457,2,0,Ventricular,Normal,2.893692,-14.578746,-6.876462,-5.326292,-5.021745
9498,2,0,Ventricular,Normal,-6.552858,-17.726322,-15.674629,-16.949392,-16.205393
9539,2,0,Ventricular,Normal,-4.392901,-12.120750,-5.797661,-12.654008,-8.838596
9545,1,3,Supraventricular,Fusion,-6.369060,-4.330723,-12.091610,-1.094527,-9.179965
9548,2,0,Ventricular,Normal,-5.998960,-10.040708,-7.225235,-14.569630,-11.240211
9551,1,3,Supraventricular,Fusion,-8.897123,-2.471377,-12.039639,-2.262716,-10.687709
9561,0,3,Normal,Fusion,-2.921384,-7.015318,-11.931669,-2.723132,-5.812164
9564,2,0,Ventricular,Normal,-3.724412,-10.658441,-4.171793,-3.955328,-4.616652
9622,0,4,Normal,Unknown,-2.269627,-23.502144,-13.181641,-9.926093,-1.868629
9623,2,4,Ventricular,Unknown,-12.525247,-13.981791,-7.861621,-8.582259,-7.202609
9626,2,3,Ventricular,Fusion,-10.754505,-14.904848,-13.765634,-10.486709,-11.162507
9641,4,0,Unknown,Normal,-1.215079,-14.355559,-6.605882,-7.413245,-1.976022
9667,4,0,Unknown,Normal,3.756189,-34.388042,-24.247782,-1.983708,3.022209
9685,0,1,Normal,Supraventricular,-5.274909,-4.302316,-8.639771,-5.795617,-5.046918
9698,0,4,Normal,Unknown,-5.512123,-18.015516,-8.606553,-9.303853,-4.548366
9704,2,0,Ventricular,Normal,-5.884399,-7.264166,-7.543936,-13.679223,-11.145749
9728,1,0,Supraventricular,Normal,-0.153777,-2.703678,-13.895510,-4.330851,-6.613357
9758,4,0,Unknown,Normal,-1.780138,-13.620111,-14.107637,-3.351508,-7.832783
9781,2,4,Ventricular,Unknown,-10.689172,-14.964536,-7.933643,-8.162753,-6.139374
9783,0,1,Normal,Supraventricular,-4.879644,-4.215327,-11.373738,-6.962082,-6.253500
9788,2,0,Ventricular,Normal,-4.628633,-13.523057,-6.924088,-13.824481,-9.504775
9789,2,4,Ventricular,Unknown,-10.533315,-14.258649,-8.975155,-10.569112,-8.521301
9816,2,4,Ventricular,Unknown,-10.481183,-16.051786,-7.716464,-9.085443,-6.899079
9820,2,4,Ventricular,Unknown,-10.015746,-14.512746,-9.443326,-8.672040,-7.301914
9855,2,0,Ventricular,Normal,-3.489539,-11.916296,-10.913092,-12.594127,-11.144261
9878,1,3,Supraventricular,Fusion,-7.945212,-4.077412,-10.143228,-3.043228,-9.180184
9881,2,0,Ventricular,Normal,-6.161904,-11.669821,-6.327759,-13.379831,-10.106197
9893,1,3,Supraventricular,Fusion,-7.433157,-2.577733,-11.644338,-1.906064,-9.116234
9909,2,0,Ventricular,Normal,-6.125865,-12.957990,-8.084923,-12.391454,-9.769293
9929,0,4,Normal,Unknown,-3.904172,-22.022919,-9.244093,-11.278897,-1.860210
9931,2,4,Ventricular,Unknown,-11.018356,-17.715210,-8.618704,-7.880497,-6.812531
9937,2,4,Ventricular,Unknown,-11.891473,-18.842339,-8.245108,-10.132674,-8.042281
9946,2,4,Ventricular,Unknown,-4.568139,-18.239397,-7.673273,-5.027335,-4.125165
9954,4,0,Unknown,Normal,0.697456,-9.059494,-8.629898,-4.860787,-0.216421
9972,2,4,Ventricular,Unknown,-11.229440,-14.822450,-8.802101,-10.403457,-8.098363
9986,2,0,Ventricular,Normal,-6.706867,-10.317046,-8.872786,-14.237043,-12.540709
9994,3,0,Fusion,Normal,2.382608,-12.257208,-19.687332,-0.041015,-3.933223
10024,1,3,Supraventricular,Fusion,-13.472853,-6.481779,-17.077669,-4.278212,-11.768620
10027,0,2,Normal,Ventricular,-3.591686,-8.653871,-3.104462,-6.425341,-5.900995
10046,4,0,Unknown,Normal,-0.617334,-13.693996,-10.423127,-1.386525,-4.527112
10053,2,4,Ventricular,Unknown,-8.456504,-14.230861,-7.949348,-8.638976,-6.964054
10064,2,0,Ventricular,Normal,-4.485367,-14.600840,-10.150462,-6.889380,-7.943641
10081,2,4,Ventricular,Unknown,-8.728496,-11.438848,-9.658439,-8.722595,-8.524832
10111,4,0,Unknown,Normal,-1.268298,-7.590169,-7.922865,-4.333207,-2.489282
10127,3,0,Fusion,Normal,2.955402,-15.998667,-23.705143,-1.088940,-8.352319
10157,0,2,Normal,Ventricular,-3.304875,-11.341745,-2.934972,-6.047672,-5.327372
10166,2,0,Ventricular,Normal,-7.774394,-13.767956,-11.485263,-9.927930,-8.676403
10184,2,4,Ventricular,Unknown,-8.287268,-14.849208,-8.341251,-10.282768,-7.128828
10185,2,4,Ventricular,Unknown,-8.477374,-13.435697,-9.111405,-8.654252,-7.233994
10222,2,4,Ventricular,Unknown,-10.103869,-12.893563,-9.969144,-10.289787,-9.917324
10272,0,4,Normal,Unknown,-3.718682,-6.511992,-7.213312,-4.758809,-3.587337
10278,0,4,Normal,Unknown,-4.778318,-5.903628,-10.311664,-8.203818,-3.583723
10289,0,1,Normal,Supraventricular,-5.306026,-3.479859,-10.583530,-6.958533,-6.813797
10290,4,0,Unknown,Normal,-1.222003,-9.645741,-11.764493,-4.432118,-1.654113
10293,2,4,Ventricular,Unknown,-8.970298,-16.076303,-10.810352,-9.856730,-7.492732
10302,1,3,Supraventricular,Fusion,-7.750590,-4.446913,-13.990880,-2.570716,-8.320082
10309,2,4,Ventricular,Unknown,-7.684745,-14.348672,-8.348570,-9.604671,-6.689800
10335,0,4,Normal,Unknown,-6.016800,-6.862613,-7.278988,-6.129942,-3.249852
10338,4,0,Unknown,Normal,-0.331997,-13.153758,-14.060118,-3.734795,-1.568441
10343,2,3,Ventricular,Fusion,-9.423628,-11.455242,-9.083905,-7.472416,-8.388027
10361,2,4,Ventricular,Unknown,-3.187835,-9.125546,-5.485934,-4.607895,-1.642130
10387,0,2,Normal,Ventricular,-4.609564,-22.989002,-2.940019,-13.799277,-7.822313
10406,2,4,Ventricular,Unknown,-2.701519,-8.460894,-6.188988,-5.289654,-2.621895
10418,2,0,Ventricular,Normal,-8.395833,-9.877488,-10.695436,-8.905198,-8.638174
10442,4,3,Unknown,Fusion,-5.009303,-2.920610,-18.017200,-2.731668,-3.070374
10448,4,0,Unknown,Normal,1.420205,-9.055490,-8.846921,-5.143682,0.116861
10464,0,4,Normal,Unknown,-2.730122,-24.340607,-12.432545,-9.649769,-1.673423
10477,2,0,Ventricular,Normal,-4.910526,-10.758862,-5.328903,-13.694983,-9.653893
10512,2,0,Ventricular,Normal,-4.015792,-11.405684,-8.656744,-14.135234,-10.970130
10531,2,0,Ventricular,Normal,-5.277426,-11.246697,-7.327996,-15.286906,-11.711256
10592,1,0,Supraventricular,Normal,-0.935364,-1.957840,-13.346408,-3.406805,-2.375341
10603,2,4,Ventricular,Unknown,-9.307362,-13.948890,-8.807652,-8.007845,-6.950813
10606,2,0,Ventricular,Normal,-7.420709,-8.360748,-9.521761,-14.062421,-12.750239
10617,0,3,Normal,Fusion,-4.656263,-6.601284,-4.290668,-3.596544,-4.226265
10620,2,0,Ventricular,Normal,-6.330447,-13.078761,-10.994175,-8.148170,-8.285656
10625,1,3,Supraventricular,Fusion,-4.975057,-4.248117,-19.552410,-3.374919,-4.905068
10661,2,0,Ventricular,Normal,-4.647634,-13.931011,-7.404230,-12.447124,-8.999180
10665,2,4,Ventricular,Unknown,-12.630845,-14.988512,-8.641410,-9.855289,-7.501559
10668,3,0,Fusion,Normal,0.542099,-6.578154,-9.777297,-0.054504,-2.722843
10722,2,0,Ventricular,Normal,-5.165912,-7.697463,-5.709099,-10.011738,-9.231994
10737,2,4,Ventricular,Unknown,-9.656506,-13.930781,-9.610652,-8.819148,-7.119388
10741,0,2,Normal,Ventricular,-4.157668,-6.358896,-3.017573,-11.125154,-10.750686
10767,0,4,Normal,Unknown,-4.265662,-7.623600,-4.967175,-5.585296,-4.103897
10789,2,4,Ventricular,Unknown,-10.974894,-12.750060,-8.103220,-9.362549,-6.661462
10802,2,0,Ventricular,Normal,-5.813759,-20.670994,-6.633425,-6.838244,-5.969810
10815,2,4,Ventricular,Unknown,-10.351118,-15.461812,-8.183874,-8.648222,-8.006293
10822,2,0,Ventricular,Normal,-5.062184,-11.398722,-5.416742,-6.251965,-7.420957
10846,2,0,Ventricular,Normal,-2.107546,-9.894341,-2.723009,-5.678577,-7.390084
10852,0,1,Normal,Supraventricular,-1.905978,-1.827246,-6.404153,-5.485940,-4.986201
10859,2,3,Ventricular,Fusion,-5.062180,-9.625296,-4.684536,-4.582876,-5.748479
10889,2,3,Ventricular,Fusion,-5.707439,-13.911897,-8.092652,-3.821196,-5.316994
10919,2,0,Ventricular,Normal,-8.011827,-9.691940,-10.357935,-14.774331,-12.495703
10925,2,3,Ventricular,Fusion,-8.977345,-13.184208,-10.623570,-8.224577,-9.240149
10929,2,4,Ventricular,Unknown,-8.175713,-13.208266,-8.740205,-7.278023,-6.853656
10931,2,4,Ventricular,Unknown,-11.361746,-16.376596,-8.338692,-9.425003,-7.510197
10942,2,4,Ventricular,Unknown,-8.386032,-15.433717,-7.470809,-6.693947,-6.116944
10954,2,4,Ventricular,Unknown,-7.540044,-15.607640,-8.720281,-9.487305,-7.411836
10976,4,0,Unknown,Normal,0.946154,-8.193300,-7.456310,-4.835840,-1.232248
11007,0,1,Normal,Supraventricular,-5.471632,-4.499277,-10.194036,-7.338011,-6.508178
11036,0,1,Normal,Supraventricular,-2.918720,-2.190549,-5.680705,-2.808949,-6.788580
11039,1,0,Supraventricular,Normal,-1.928285,-3.844474,-11.733833,-2.035507,-3.314375
11074,3,0,Fusion,Normal,1.952456,-13.850760,-22.286606,1.103054,-3.904750
11083,2,0,Ventricular,Normal,-0.854987,-11.469321,-6.784857,-4.785184,-5.678844
11096,0,3,Normal,Fusion,-1.885034,-15.999393,-19.244915,0.370625,-8.062343
11102,2,0,Ventricular,Normal,-2.963296,-14.107006,-5.388157,-4.690455,-5.796788
11109,2,0,Ventricular,Normal,-5.045793,-10.491601,-5.611366,-14.657661,-11.378051
11127,2,0,Ventricular,Normal,-3.383428,-12.114911,-9.287973,-13.859827,-11.315272
11149,2,3,Ventricular,Fusion,-9.280677,-9.929741,-10.523875,-7.865446,-9.429797
11174,2,0,Ventricular,Normal,-7.912899,-9.297159,-10.042664,-13.360023,-12.234493
11179,2,0,Ventricular,Normal,-4.216270,-13.058990,-14.328187,-16.059185,-13.855999
11200,2,4,Ventricular,Unknown,-10.723653,-13.878065,-9.049432,-8.952572,-7.248081
11224,2,0,Ventricular,Normal,-6.030196,-9.715026,-6.690391,-12.114947,-9.218040
11225,0,2,Normal,Ventricular,-3.252164,-6.319558,-3.118246,-5.429955,-4.339373
11241,2,4,Ventricular,Unknown,-11.321148,-16.863155,-9.683401,-9.502070,-7.624387
11311,2,4,Ventricular,Unknown,-8.737610,-14.957343,-8.095234,-10.178032,-7.283129
11312,0,3,Normal,Fusion,-1.030016,-12.022817,-21.699646,-0.884362,-5.733140
11315,0,4,Normal,Unknown,-3.113587,-19.688009,-9.648515,-10.541198,-2.551311
11317,0,3,Normal,Fusion,-6.661117,-11.318478,-8.555275,-1.945986,-21.273802
11321,2,4,Ventricular,Unknown,-8.043067,-16.095537,-10.665716,-8.821068,-5.523439
11331,0,2,Normal,Ventricular,-4.950761,-5.759485,-4.298260,-6.465419,-4.337440
11339,2,4,Ventricular,Unknown,-8.089269,-17.838392,-6.218943,-9.706059,-5.657661
11348,0,4,Normal,Unknown,-3.132684,-5.188195,-8.584350,-5.529168,-2.709479
11352,2,3,Ventricular,Fusion,-5.876353,-9.801771,-5.661783,-4.060369,-4.744308
11358,2,4,Ventricular,Unknown,-9.389317,-12.485595,-9.880640,-10.188041,-8.816446
11365,2,0,Ventricular,Normal,-6.850358,-8.963394,-10.486290,-13.878784,-12.618417
11367,2,0,Ventricular,Normal,-2.759855,-7.024919,-2.854006,-4.593633,-2.852323
11377,1,3,Supraventricular,Fusion,-8.388337,-2.712200,-9.610526,-1.514576,-8.447558
11400,2,3,Ventricular,Fusion,-8.320259,-17.624224,-11.207040,-7.719555,-8.064231
11404,0,1,Normal,Supraventricular,-3.881469,-3.347130,-10.605464,-6.292800,-4.195491
11421,1,0,Supraventricular,Normal,0.322783,-3.593091,-9.745593,-2.657547,-1.458012
11440,2,4,Ventricular,Unknown,-9.037596,-17.061199,-9.898129,-9.242636,-7.565778
11451,2,0,Ventricular,Normal,-5.871548,-16.008125,-8.178905,-7.948734,-7.019522
11457,0,2,Normal,Ventricular,-3.565010,-21.642212,-3.049398,-14.354664,-8.299696
11482,4,0,Unknown,Normal,-0.344527,-9.883151,-9.062541,-4.366246,-1.656925
11487,2,0,Ventricular,Normal,-4.163445,-13.400877,-5.022497,-13.910450,-8.190734
11515,4,0,Unknown,Normal,-0.372454,-6.777831,-8.457132,-5.595498,-4.374322
11520,2,0,Ventricular,Normal,-5.521942,-9.452161,-5.791143,-13.848509,-9.828353
11531,4,0,Unknown,Normal,1.449668,-30.515184,-12.245057,-10.776842,1.441563
11542,4,0,Unknown,Normal,4.930376,-20.033606,-14.847992,-4.159772,-0.763922
11567,4,0,Unknown,Normal,4.261057,-29.656794,-17.052692,-6.444053,2.121838
11584,2,0,Ventricular,Normal,-1.420689,-12.240501,-10.914555,-10.088177,-7.969831
11592,1,3,Supraventricular,Fusion,-13.960224,-5.680808,-12.350709,-5.260915,-11.855657
11604,0,1,Normal,Supraventricular,-4.009431,-3.415341,-12.269706,-5.503252,-6.732735
11630,0,3,Normal,Fusion,-4.466544,-9.676695,-8.605336,-2.956504,-6.324201
11637,0,3,Normal,Fusion,-4.137305,-12.832485,-14.823457,-3.573667,-5.026303
11646,2,4,Ventricular,Unknown,-9.617698,-14.251336,-7.798892,-9.250014,-7.475199
11654,4,3,Unknown,Fusion,-11.595479,-18.138170,-13.528274,-4.447973,-5.242173
11657,4,3,Unknown,Fusion,-11.141184,-14.911251,-16.868538,-9.179329,-9.863099
11666,2,0,Ventricular,Normal,-6.461728,-8.208632,-8.242092,-15.132036,-12.229953
11669,2,0,Ventricular,Normal,-5.653175,-7.331412,-6.489937,-12.793330,-10.513165
11688,4,0,Unknown,Normal,-1.244057,-16.859610,-23.436329,-4.859223,-7.413260
11693,2,4,Ventricular,Unknown,-9.124866,-17.731216,-9.098579,-8.397223,-8.150521
11702,2,4,Ventricular,Unknown,-10.376635,-16.751875,-8.964972,-7.249059,-6.256392
11734,2,4,Ventricular,Unknown,-3.300153,-18.614861,-9.886993,-5.824389,-2.670404
11736,2,0,Ventricular,Normal,-1.710822,-10.720635,-3.328574,-5.164476,-7.600131
11749,1,3,Supraventricular,Fusion,-7.426654,-3.192544,-10.373916,-2.621971,-8.730846
11767,0,4,Normal,Unknown,-2.198129,-19.936264,-10.145574,-11.238955,-2.054811
11774,4,3,Unknown,Fusion,-6.935812,-12.406200,-9.289625,-6.190494,-7.370323
11775,2,4,Ventricular,Unknown,-3.932350,-9.290049,-4.336084,-6.394821,-2.714137
11801,2,3,Ventricular,Fusion,-5.792063,-10.749275,-3.286433,-3.272990,-5.640769
11810,1,0,Supraventricular,Normal,-1.459014,-2.646646,-16.034563,-2.942222,-3.790710
11812,1,3,Supraventricular,Fusion,-13.440038,-6.380937,-18.915789,-4.916460,-14.043962
11821,2,4,Ventricular,Unknown,-8.551313,-22.535763,-7.398208,-11.112941,-6.471896
11824,2,4,Ventricular,Unknown,-11.495046,-15.810350,-9.015307,-8.703929,-8.156328
11826,3,0,Fusion,Normal,4.517970,-16.974121,-14.071951,-1.273152,-6.957572
11830,2,0,Ventricular,Normal,-5.207843,-10.821103,-10.241062,-14.726523,-11.021333
11840,2,0,Ventricular,Normal,-5.750718,-10.367842,-9.010706,-14.142817,-11.952853
11905,3,0,Fusion,Normal,-1.001373,-9.988310,-8.793066,-1.456597,-6.598821
11924,1,3,Supraventricular,Fusion,-1.091017,-13.227630,-21.857470,0.110052,-7.268187
11953,0,2,Normal,Ventricular,-3.583916,-8.801370,-2.859121,-4.953674,-5.076946
11993,0,2,Normal,Ventricular,-2.890321,-9.213062,-2.569831,-5.311382,-3.864014
12003,4,0,Unknown,Normal,2.988552,-10.169257,-6.428223,-3.445453,-2.764997
12020,2,0,Ventricular,Normal,-5.975705,-13.029299,-9.618668,-15.710091,-12.850371
12034,2,0,Ventricular,Normal,-3.132257,-10.822572,-9.538753,-13.443355,-10.559471
12065,0,4,Normal,Unknown,-3.824861,-6.700832,-4.832138,-4.413688,-3.603367
12074,2,0,Ventricular,Normal,-5.363508,-10.673253,-9.471361,-12.694722,-9.775480
12092,2,4,Ventricular,Unknown,-4.070885,-8.075707,-3.083306,-6.758455,-2.281140
12110,2,0,Ventricular,Normal,-6.906336,-12.048746,-9.031683,-9.658871,-7.522883
12138,2,3,Ventricular,Fusion,-8.473819,-16.057438,-9.352745,-6.841143,-7.124869
12140,2,0,Ventricular,Normal,0.048155,-12.055288,-10.993456,-7.452635,-7.382964
12159,0,4,Normal,Unknown,-1.593039,-21.767309,-10.861405,-9.800859,-1.545150
12165,3,0,Fusion,Normal,0.464736,-4.506165,-11.336261,-0.658963,-0.980980
12201,2,0,Ventricular,Normal,-2.604400,-9.167819,-3.729304,-6.280361,-4.854603
12207,2,0,Ventricular,Normal,-5.420037,-13.466844,-12.052335,-7.172694,-8.162722
12219,2,3,Ventricular,Fusion,-8.294850,-15.441089,-10.726628,-7.055028,-7.218878
12253,3,0,Fusion,Normal,-1.016986,-2.947785,-2.775411,-2.016050,-2.763747
12263,2,0,Ventricular,Normal,-3.065354,-6.743008,-6.615256,-11.283145,-8.403301
12274,0,4,Normal,Unknown,-2.363887,-22.951969,-9.559918,-10.295177,-2.042467
12305,2,0,Ventricular,Normal,-8.216932,-10.790000,-8.549081,-14.058408,-11.701631
12316,0,4,Normal,Unknown,-2.320271,-29.559628,-19.130770,-4.739843,-1.365297
12327,2,4,Ventricular,Unknown,-9.227516,-11.827958,-7.936674,-8.299375,-7.848729
12371,2,4,Ventricular,Unknown,-11.298913,-14.257421,-8.604867,-9.996313,-8.434535
12386,4,3,Unknown,Fusion,-11.842074,-14.538955,-15.237278,-6.761796,-8.425424
12391,3,1,Fusion,Supraventricular,-5.618603,-2.652476,-16.723734,-3.235620,-5.856239
12441,0,4,Normal,Unknown,-4.196154,-6.396008,-13.234427,-6.134140,-3.307614
12456,0,1,Normal,Supraventricular,-4.845367,-3.457658,-5.246588,-7.805954,-5.200541
12506,0,1,Normal,Supraventricular,-4.552703,-3.845035,-8.765178,-6.350575,-6.976068
12537,2,4,Ventricular,Unknown,-13.263794,-16.661312,-9.576877,-10.416698,-8.341321
12552,2,4,Ventricular,Unknown,-10.715960,-16.952404,-8.545915,-10.159358,-7.999603
12555,1,0,Supraventricular,Normal,-1.689329,-3.562184,-9.507605,-2.996745,-5.675681
12568,4,0,Unknown,Normal,-2.884137,-14.665751,-8.341123,-7.410426,-4.362902
12579,2,0,Ventricular,Normal,-1.311508,-5.353271,-3.459520,-3.522581,-2.128962
12590,0,4,Normal,Unknown,-1.548100,-22.006346,-15.668181,-4.838333,-1.467432
12600,3,0,Fusion,Normal,0.856564,-7.861787,-9.432701,-2.956774,-3.951283
12602,2,1,Ventricular,Supraventricular,-8.358109,-8.247015,-9.504669,-14.304638,-12.220683
12606,3,0,Fusion,Normal,-0.835668,-14.906602,-19.346561,-3.166306,-4.629713
12616,2,0,Ventricular,Normal,-4.824654,-8.133808,-6.077646,-14.197671,-10.836379
12676,2,4,Ventricular,Unknown,-13.068388,-17.123163,-7.639846,-8.593576,-7.336588
12682,0,2,Normal,Ventricular,0.081568,-6.842513,0.770708,-7.728903,-12.824954
12684,2,4,Ventricular,Unknown,-9.401419,-15.732377,-9.472596,-9.108286,-7.255521
12699,0,4,Normal,Unknown,-2.752295,-23.296837,-11.862899,-11.244558,-2.328563
12702,1,3,Supraventricular,Fusion,-4.196877,-9.976968,-15.561112,-2.734248,-4.612380
12720,2,3,Ventricular,Fusion,-8.346883,-12.671424,-10.625107,-7.818671,-8.655908
12768,4,0,Unknown,Normal,-3.751834,-6.787870,-3.755852,-4.823223,-3.940774
12795,3,0,Fusion,Normal,-2.636606,-12.374978,-17.971058,-2.884183,-8.297992
12839,2,0,Ventricular,Normal,-3.017009,-8.992496,-8.823117,-11.812421,-8.094463
12864,4,0,Unknown,Normal,-1.485518,-8.859499,-8.577399,-4.704883,-1.981101
12865,0,3,Normal,Fusion,-0.251184,-8.660417,-9.172175,0.627988,-9.909411
12913,2,0,Ventricular,Normal,2.916326,-13.586560,-4.171546,-3.920960,-6.635478
12925,0,1,Normal,Supraventricular,-4.605380,-4.579118,-13.622467,-6.636130,-5.822674
12939,2,0,Ventricular,Normal,-5.918468,-9.634224,-10.038669,-14.790372,-11.910988
12953,0,4,Normal,Unknown,-2.699613,-14.126380,-15.048131,-3.066023,-2.482287
12964,0,3,Normal,Fusion,-3.750542,-5.414035,-22.391214,-3.036002,-8.718894
13007,2,4,Ventricular,Unknown,-9.041782,-15.130792,-10.942317,-8.634642,-8.308076
13014,2,0,Ventricular,Normal,0.627964,-14.074144,-2.804040,-7.163161,-5.824869
13035,2,0,Ventricular,Normal,-8.812553,-13.888181,-10.753130,-10.509187,-9.165947
13038,2,4,Ventricular,Unknown,-9.342671,-15.264987,-7.202450,-8.827505,-7.024784
13039,0,4,Normal,Unknown,-6.425635,-6.003273,-21.549736,-7.377103,-3.700075
13058,0,4,Normal,Unknown,-1.841328,-5.941997,-12.419889,-3.776599,-1.669381
13080,2,0,Ventricular,Normal,-7.021130,-13.092553,-13.199217,-9.758186,-9.199504
13102,2,0,Ventricular,Normal,-2.918272,-11.117957,-9.430461,-14.942101,-11.710646
13107,2,4,Ventricular,Unknown,-10.988571,-16.061337,-10.154918,-7.988583,-7.777910
13108,2,4,Ventricular,Unknown,-10.126249,-15.763746,-9.379433,-10.353517,-8.113940
13131,1,0,Supraventricular,Normal,-4.174517,-4.190529,-10.564487,-7.356991,-5.717636
13133,2,3,Ventricular,Fusion,-10.670390,-9.632415,-10.897480,-8.584400,-9.540659
13148,2,3,Ventricular,Fusion,-4.832216,-10.787439,-3.359975,-3.059009,-5.712529
13164,2,0,Ventricular,Normal,-5.480057,-12.041288,-5.677478,-15.325752,-9.590977
13176,2,0,Ventricular,Normal,-4.411860,-13.784593,-8.210336,-12.725815,-8.290522
13188,2,4,Ventricular,Unknown,-8.536361,-16.431810,-8.439651,-6.573467,-5.666417
13194,1,3,Supraventricular,Fusion,-0.756131,-7.040666,-15.112818,0.195612,-5.330264
13195,4,0,Unknown,Normal,-0.083318,-8.358806,-5.716604,-5.954390,-1.310688
13208,0,4,Normal,Unknown,-2.486801,-25.089174,-12.601338,-9.332736,-1.543843
13214,4,0,Unknown,Normal,-1.290452,-6.689943,-10.446228,-4.770566,-3.817975
13218,2,4,Ventricular,Unknown,-10.322561,-13.729840,-9.343111,-9.146123,-8.632264
13261,3,0,Fusion,Normal,0.435082,-13.544219,-20.117336,-0.363133,-4.990644
13263,3,1,Fusion,Supraventricular,-7.139517,-2.135168,-20.636364,-4.717619,-3.106175
13315,0,4,Normal,Unknown,-2.008765,-8.909412,-7.257873,-4.955436,-1.971801
13334,4,0,Unknown,Normal,-0.241948,-13.500086,-12.143202,-3.576197,-1.503186
13341,2,4,Ventricular,Unknown,-9.056369,-16.137888,-8.821437,-7.491655,-6.709274
13358,2,0,Ventricular,Normal,-5.410451,-9.837983,-7.042676,-14.743703,-11.674261
13378,4,0,Unknown,Normal,2.569967,-25.163561,-6.653524,-12.187374,2.001786
13416,0,1,Normal,Supraventricular,-5.682217,-4.168511,-6.087955,-8.318780,-7.135257
13433,2,0,Ventricular,Normal,-2.328781,-9.584216,-2.817761,-5.265225,-6.682857
13440,2,0,Ventricular,Normal,-1.485922,-10.514236,-4.524796,-4.693522,-7.522907
13449,1,3,Supraventricular,Fusion,-7.102925,-3.087912,-9.890348,-1.479128,-8.880898
13465,2,0,Ventricular,Normal,-2.738181,-22.001879,-7.622366,-8.978633,-6.190321
13486,2,4,Ventricular,Unknown,-7.005779,-15.181662,-9.146175,-7.829631,-6.674870
13497,2,0,Ventricular,Normal,-5.650433,-9.945285,-8.330712,-13.853850,-10.388008
13554,2,4,Ventricular,Unknown,-9.293611,-14.278544,-8.022181,-7.820086,-6.897778
13555,0,4,Normal,Unknown,-0.816606,-12.540044,-8.985782,-4.152050,1.462060
13578,2,3,Ventricular,Fusion,-5.657272,-7.956637,-8.004536,-4.668704,-10.045949
13588,2,0,Ventricular,Normal,-6.504220,-14.658261,-7.593101,-7.271372,-6.705567
13594,0,4,Normal,Unknown,-4.977120,-11.655932,-11.650161,-6.544701,-4.631513
13599,0,4,Normal,Unknown,-3.235116,-9.419330,-8.623371,-5.378317,-2.411492
13600,2,0,Ventricular,Normal,-4.116280,-5.205532,-5.344685,-5.697977,-6.578614
13617,4,0,Unknown,Normal,2.763407,-11.426411,-12.596181,-1.673130,-1.501222
13628,1,3,Supraventricular,Fusion,-6.524378,-2.976074,-11.346653,-2.186904,-8.991872
13630,2,0,Ventricular,Normal,-7.119546,-10.925969,-8.367847,-14.494425,-11.767859
13638,2,0,Ventricular,Normal,-7.428370,-8.061009,-9.797921,-13.136090,-11.276634
13695,2,4,Ventricular,Unknown,-10.836221,-15.199655,-9.666490,-8.119699,-6.971243
13712,2,4,Ventricular,Unknown,-12.021686,-15.338289,-7.119066,-8.494585,-6.457877
13805,2,3,Ventricular,Fusion,-9.557636,-10.225135,-9.553845,-6.162308,-7.956310
13818,1,3,Supraventricular,Fusion,-7.827533,-3.155697,-10.483970,-2.551785,-9.006975
13822,2,4,Ventricular,Unknown,-3.839450,-8.526887,-3.904777,-6.076878,-2.839539
13852,2,0,Ventricular,Normal,-3.058113,-11.825586,-3.247769,-6.547070,-4.535689
13881,0,1,Normal,Supraventricular,-4.979627,-3.711249,-8.149540,-6.369128,-4.886295
13885,2,0,Ventricular,Normal,-8.011196,-12.075608,-10.912912,-9.290624,-9.488966
13945,3,1,Fusion,Supraventricular,-11.436459,-0.182973,-9.638841,-6.821300,-10.088162
13989,2,0,Ventricular,Normal,-4.893985,-10.479289,-7.220416,-14.948632,-11.017534
13990,0,4,Normal,Unknown,-1.520908,-8.003634,-8.573299,-4.637625,-1.451510
14001,4,0,Unknown,Normal,6.031345,-38.156868,-25.365061,-1.957617,2.775702
14012,0,4,Normal,Unknown,-4.886310,-18.653896,-12.125953,-8.917736,-4.841921
14016,2,4,Ventricular,Unknown,-10.542376,-16.964272,-10.190866,-9.432994,-7.802826
14020,0,4,Normal,Unknown,-3.236916,-22.511545,-7.587155,-12.469628,-2.527376
14050,0,3,Normal,Fusion,-1.151698,-8.930812,-19.882008,0.409747,-5.371855
14060,2,4,Ventricular,Unknown,-3.700033,-9.701019,-3.839863,-6.406262,-2.115238
14096,0,2,Normal,Ventricular,-4.385431,-20.818150,-4.127068,-15.996795,-7.798607
14111,2,4,Ventricular,Unknown,-8.715944,-15.523752,-8.970708,-9.278745,-8.036048
14135,2,0,Ventricular,Normal,-4.317559,-10.732580,-10.680626,-14.783401,-11.992167
14163,2,0,Ventricular,Normal,-6.172832,-9.912388,-7.175168,-12.367393,-10.610615
14205,2,0,Ventricular,Normal,-7.452617,-15.696785,-10.000999,-11.424390,-10.061541
14232,2,4,Ventricular,Unknown,-9.038384,-16.064507,-8.694712,-9.022766,-7.498970
14233,2,4,Ventricular,Unknown,-9.166439,-15.030932,-8.920516,-7.670400,-6.378957
14236,0,1,Normal,Supraventricular,-0.018619,0.630119,-3.684237,-5.209055,-6.132068
14240,2,3,Ventricular,Fusion,-4.686419,-12.387650,-4.815546,-3.322330,-4.959024
14287,4,0,Unknown,Normal,0.387493,-5.823771,-6.781422,-5.646286,-0.234502
14332,2,0,Ventricular,Normal,-2.463975,-12.744302,-2.769838,-6.217224,-5.151467
14361,2,4,Ventricular,Unknown,-8.550823,-16.047428,-7.412385,-8.148332,-5.958327
14387,2,0,Ventricular,Normal,-4.742926,-19.330595,-13.167725,-18.510969,-15.172627
14398,2,4,Ventricular,Unknown,-8.307392,-15.303000,-8.097724,-7.478651,-5.823092
14424,2,0,Ventricular,Normal,-6.925611,-8.656999,-9.898952,-14.385777,-11.500097
14426,0,4,Normal,Unknown,-2.303490,-26.533766,-17.093578,-7.560956,-2.073243
14451,2,4,Ventricular,Unknown,-10.466584,-14.407784,-7.695700,-9.047482,-7.529737
14464,0,2,Normal,Ventricular,-2.103051,-6.433837,-1.429714,-4.436615,-9.290927
14467,0,4,Normal,Unknown,-3.593413,-8.674287,-11.000014,-5.081643,-2.533462
14475,2,0,Ventricular,Normal,-6.032778,-8.879854,-7.820809,-14.164552,-12.113318
14477,2,0,Ventricular,Normal,-6.987414,-9.845622,-9.242573,-13.613454,-11.299263
14507,1,3,Supraventricular,Fusion,-7.178976,-3.010119,-11.174140,-1.959513,-9.824687
14509,4,0,Unknown,Normal,2.412197,-11.322886,-6.982143,-5.423409,-2.055813
14512,0,4,Normal,Unknown,-3.955022,-13.702518,-10.454656,-5.841345,-3.716626
14517,2,4,Ventricular,Unknown,-9.904295,-15.823675,-9.293417,-8.051200,-6.830871
14523,1,3,Supraventricular,Fusion,-9.087130,-2.954603,-11.538188,-2.259073,-9.634459
14541,2,0,Ventricular,Normal,-10.606657,-14.139588,-14.401571,-12.069976,-12.980677
14550,0,1,Normal,Supraventricular,-5.249696,-3.150399,-7.502862,-7.262825,-7.285194
14588,2,0,Ventricular,Normal,-3.868653,-11.286982,-10.057709,-13.890671,-11.595884
14590,3,0,Fusion,Normal,0.904504,-8.128164,-11.190476,-0.250337,-1.211209
14620,2,0,Ventricular,Normal,-5.785222,-11.429071,-7.499585,-12.950016,-10.120388
14625,2,4,Ventricular,Unknown,-10.495511,-17.111826,-10.446691,-9.994819,-7.806578
14632,0,1,Normal,Supraventricular,-5.537477,-4.411966,-8.975267,-6.350109,-5.123013
14637,2,4,Ventricular,Unknown,-8.726133,-14.789442,-8.994283,-7.324739,-7.264609
14647,2,3,Ventricular,Fusion,-8.708905,-10.530815,-11.810685,-7.584965,-10.359347
14657,2,0,Ventricular,Normal,-7.350286,-14.262053,-9.473905,-8.687388,-7.974807
14679,2,4,Ventricular,Unknown,-9.260027,-17.001562,-6.509884,-8.014865,-5.641759
14682,2,4,Ventricular,Unknown,-10.839457,-16.235952,-10.160197,-9.402275,-7.499088
14686,0,1,Normal,Supraventricular,-6.374452,-2.891618,-8.560453,-8.250311,-7.210651
14695,2,0,Ventricular,Normal,-3.593760,-12.183955,-7.232103,-11.214194,-7.290997
14709,0,1,Normal,Supraventricular,-5.738399,-4.191336,-7.498187,-7.410779,-6.656573
14729,3,1,Fusion,Supraventricular,-6.109495,-2.813546,-15.869808,-4.769810,-5.254440
14743,2,4,Ventricular,Unknown,-8.403310,-17.914972,-9.193565,-8.417472,-7.074501
14750,0,4,Normal,Unknown,-2.709423,-7.800795,-4.371989,-5.103268,-1.885587
14756,2,4,Ventricular,Unknown,-8.032743,-13.694066,-8.377056,-8.363595,-7.272698
14787,1,3,Supraventricular,Fusion,-8.564354,-5.280754,-14.197431,-1.252265,-8.125344
14808,2,0,Ventricular,Normal,-0.523901,-6.716840,-7.573517,-2.990331,-6.222942
14840,0,4,Normal,Unknown,-6.174181,-15.429699,-7.426659,-7.043796,-6.059010
14849,0,1,Normal,Supraventricular,-4.608139,-4.051162,-6.583338,-7.767083,-6.631101
14866,0,3,Normal,Fusion,-4.396854,-8.507277,-16.268528,-3.608485,-6.785433
14871,2,0,Ventricular,Normal,-3.681780,-15.804047,-8.018751,-12.737908,-6.802708
14888,4,0,Unknown,Normal,-1.013590,-13.820006,-12.599541,-7.800766,-4.853934
14960,3,0,Fusion,Normal,1.966294,-18.162292,-25.117611,1.580810,-5.255296
