004b
00a0
0023
0000
0000
0000
0000
0000
0000
0000
0000
0000
0000
0004
000c
0005
0000
0000
0000
0000
0000
0000
0000
0000
0000
0000
0000
0000
0000
0000
0000
0000
0000
0000
0039
0115
00f7
016e
02e5
02d6
0246
0218
028b
0210
0130
009b
0025
0000
0000
0000
0000
0000
0000
0000
0000
0000
0000
0000
0000
0000
0000
0000
0000
0000
0000
0000
0000
0000
0000
0000
0000
0000
0031
0015
0000
0000
0000
0000
0000
0000
0000
0000
0000
0000
0020
004e
004a
003f
0044
0047
002d
001f
001a
0000
0000
0000
0008
0018
0038
0054
0053
004a
003d
001f
0001
0005
0016
0017
0024
0035
003a
003f
0071
008d
0000
001d
010b
0193
0113
007a
0033
013c
0170
0071
0020
0000
0042
0070
0076
006e
004c
004f
0072
0096
00b6
00d6
00c6
00a2
0074
0043
0028
0028
002d
003e
0037
003b
003c
0044
0065
0070
0089
0037
0000
0000
0000
0000
003b
0086
00ac
00e5
