0.000000
0.000000
0.000000
0.000000
0.000000
0.000000
0.000000
0.000000
0.000000
0.000000
0.000000
0.000000
0.000000
0.000000
0.000000
0.000000
0.000000
0.000000
0.000000
0.000000
0.000000
0.000000
0.000000
0.000000
0.000000
0.000000
0.000000
0.000000
0.000000
0.000000
0.000000
0.000000
0.000000
0.328125
0.703125
0.703125
0.875000
1.828125
1.828125
1.828125
1.578125
0.765625
0.000000
0.000000
0.000000
0.000000
0.000000
0.000000
0.000000
0.000000
0.000000
0.000000
0.000000
0.000000
0.000000
0.000000
0.000000
0.000000
0.000000
0.000000
0.000000
0.000000
0.000000
0.000000
0.000000
0.000000
0.000000
0.000000
0.156250
0.156250
0.156250
0.046875
0.000000
0.000000
0.000000
0.000000
0.000000
0.000000
0.531250
0.531250
0.203125
0.203125
0.203125
0.000000
0.000000
0.000000
0.000000
0.000000
0.000000
0.000000
0.000000
0.000000
0.000000
0.000000
0.000000
0.000000
0.000000
0.000000
0.000000
0.000000
0.000000
0.000000
0.000000
0.000000
0.000000
0.000000
0.000000
0.000000
0.000000
0.000000
0.000000
0.000000
0.000000
0.062500
0.062500
0.390625
1.546875
1.546875
1.546875
1.359375
1.359375
2.546875
2.546875
2.546875
0.750000
0.125000
0.000000
0.000000
0.000000
0.000000
0.000000
0.000000
0.000000
0.000000
0.000000
0.000000
0.000000
0.000000
0.000000
0.000000
0.000000
0.000000
0.000000
0.000000
0.000000
0.000000
0.000000
0.000000
0.000000
0.000000
0.000000
0.000000
0.000000
0.000000
0.000000
0.000000
0.000000
0.000000
0.000000
0.000000
0.593750
1.093750
1.578125
1.812500
1.812500
1.812500
1.734375
1.734375
1.609375
1.515625
1.375000
1.375000
1.046875
1.093750
1.218750
1.390625
1.468750
1.687500
1.796875
1.796875
1.796875
1.734375
1.562500
1.531250
1.453125
1.468750
1.468750
1.500000
1.515625
1.703125
1.703125
1.703125
1.593750
1.515625
1.468750
0.781250
0.171875
0.000000
0.000000
0.000000
0.000000
0.000000
0.000000
0.000000
1.437500
1.828125
2.375000
2.500000
2.500000
2.500000
2.375000
2.593750
2.593750
2.593750
2.312500
2.218750
2.203125
1.968750
1.640625
1.750000
1.750000
1.750000
1.468750
1.468750
1.390625
1.312500
1.265625
1.203125
1.031250
0.921875
0.546875
0.406250
0.906250
1.062500
1.546875
1.562500
1.625000
1.625000
1.625000
1.234375
3.500000
4.156250
4.218750
4.218750
4.218750
4.218750
3.921875
3.625000
3.250000
3.156250
3.046875
2.765625
3.015625
3.281250
3.468750
3.921875
4.203125
4.234375
4.234375
4.234375
4.234375
3.859375
3.390625
3.015625
3.156250
3.531250
3.609375
3.609375
3.609375
3.609375
3.609375
3.609375
3.375000
3.046875
2.468750
1.515625
0.796875
0.796875
0.796875
0.765625
1.859375
3.500000
4.921875
5.593750
6.859375
7.734375
7.765625
7.765625
7.765625
7.250000
6.953125
7.203125
7.203125
7.203125
6.765625
6.218750
5.703125
5.125000
4.140625
3.390625
3.218750
3.203125
2.890625
2.593750
2.593750
2.546875
2.421875
1.953125
1.515625
0.937500
1.046875
2.046875
2.843750
3.062500
3.328125
3.328125
3.328125
3.312500
3.093750
2.265625
0.000000
0.015625
0.078125
0.328125
0.328125
0.375000
0.375000
0.375000
0.281250
0.375000
0.375000
0.375000
0.187500
0.156250
0.156250
0.156250
0.171875
0.171875
0.171875
0.312500
0.359375
0.359375
0.359375
0.296875
0.296875
0.296875
0.421875
0.421875
0.421875
0.390625
0.531250
0.531250
0.531250
0.765625
0.765625
0.765625
0.859375
1.312500
1.625000
1.625000
1.625000
1.093750
0.000000
0.000000
0.000000
0.000000
0.000000
0.000000
0.000000
0.000000
0.000000
0.000000
0.000000
0.000000
0.000000
0.046875
0.093750
0.093750
0.093750
0.468750
0.515625
0.515625
0.515625
0.484375
0.484375
0.656250
0.656250
0.656250
0.562500
0.562500
0.562500
0.187500
0.281250
0.281250
0.296875
0.515625
0.515625
0.515625
0.546875
0.546875
0.000000
0.000000
0.000000
0.000000
0.000000
0.000000
0.000000
0.000000
0.000000
0.000000
0.000000
0.000000
0.000000
0.000000
0.000000
0.000000
0.000000
0.000000
0.000000
0.000000
0.000000
0.000000
0.000000
0.000000
0.000000
0.000000
0.000000
0.000000
0.000000
0.000000
0.000000
0.000000
0.000000
0.000000
0.000000
0.000000
0.000000
0.000000
0.000000
0.000000
0.000000
0.031250
0.031250
0.031250
0.000000
0.000000
0.000000
0.000000
0.000000
0.000000
0.000000
0.000000
0.000000
0.000000
0.000000
0.000000
0.000000
0.000000
0.000000
0.000000
0.000000
0.000000
0.000000
0.000000
0.000000
0.000000
0.000000
0.000000
0.000000
0.000000
0.000000
0.000000
0.000000
0.000000
0.000000
0.000000
0.000000
0.000000
0.000000
0.000000
0.593750
0.640625
0.640625
0.640625
0.562500
0.453125
0.406250
0.359375
0.375000
0.375000
0.375000
0.203125
0.406250
0.406250
0.437500
0.578125
0.578125
0.578125
0.515625
0.515625
0.468750
0.421875
0.328125
0.343750
0.453125
0.578125
0.578125
0.578125
0.500000
0.546875
0.546875
0.546875
0.375000
0.250000
0.187500
0.000000
0.000000
0.578125
2.687500
3.640625
3.859375
3.859375
3.859375
2.546875
1.390625
0.906250
0.812500
0.812500
0.562500
0.437500
0.734375
0.734375
0.734375
0.578125
0.453125
0.421875
0.421875
0.218750
0.421875
0.421875
0.421875
0.421875
0.421875
0.421875
0.437500
0.437500
0.437500
0.250000
0.171875
0.046875
0.312500
0.562500
0.562500
0.609375
0.625000
0.625000
0.625000
0.500000
0.359375
0.156250
0.609375
0.609375
0.625000
0.671875
0.734375
0.734375
0.734375
0.687500
0.656250
0.656250
0.656250
0.562500
0.562500
0.468750
0.546875
0.593750
0.609375
0.609375
0.718750
0.750000
0.750000
0.750000
0.609375
0.593750
0.593750
0.593750
0.640625
0.687500
0.687500
0.687500
0.687500
0.687500
0.687500
0.640625
0.515625
0.453125
0.375000
0.000000
0.656250
1.546875
1.546875
1.546875
0.984375
0.984375
0.281250
0.656250
0.765625
0.843750
0.843750
0.843750
0.828125
0.812500
0.875000
0.875000
0.875000
0.875000
0.875000
0.781250
0.750000
0.687500
0.687500
0.671875
0.671875
0.578125
0.687500
0.687500
0.687500
0.593750
0.593750
0.515625
0.375000
0.312500
0.390625
0.609375
0.640625
0.640625
0.765625
0.765625
0.765625
0.515625
0.000000
0.000000
0.000000
0.000000
0.000000
0.000000
0.000000
0.000000
0.000000
0.000000
0.000000
0.000000
0.000000
0.000000
0.000000
0.000000
0.000000
0.000000
0.000000
0.000000
0.000000
0.000000
0.000000
0.000000
0.000000
0.000000
0.000000
0.000000
0.000000
0.000000
0.000000
0.000000
0.000000
0.000000
0.000000
0.000000
0.000000
0.000000
0.000000
0.000000
0.000000
0.000000
0.000000
0.000000
0.000000
0.000000
0.000000
0.000000
0.000000
0.000000
0.000000
0.000000
0.000000
0.000000
0.000000
0.000000
0.000000
0.000000
0.000000
0.000000
0.000000
0.000000
0.000000
0.000000
0.000000
0.000000
0.000000
0.000000
0.000000
0.000000
0.000000
0.000000
0.000000
0.000000
0.000000
0.000000
0.000000
0.000000
0.000000
0.000000
0.000000
0.000000
0.000000
0.000000
0.000000
0.000000
0.000000
0.000000
0.000000
0.000000
0.000000
0.000000
0.000000
0.000000
0.000000
0.000000
0.000000
0.000000
0.000000
0.000000
0.000000
0.000000
0.000000
0.000000
0.000000
0.000000
0.000000
0.000000
0.000000
0.000000
0.000000
0.000000
0.000000
0.203125
0.343750
0.453125
1.375000
1.375000
1.375000
0.625000
0.328125
1.703125
1.703125
1.703125
0.000000
0.000000
0.000000
0.000000
0.000000
0.000000
0.000000
0.000000
0.000000
0.000000
0.000000
0.000000
0.000000
0.000000
0.000000
0.000000
0.000000
0.000000
0.000000
0.000000
0.000000
0.000000
0.000000
0.000000
0.000000
0.015625
0.015625
0.015625
0.000000
0.000000
0.000000
0.000000
0.000000
0.000000
0.171875
0.171875
0.187500
0.187500
0.187500
0.000000
0.000000
0.000000
0.000000
0.000000
0.000000
0.000000
0.000000
0.000000
0.000000
0.000000
0.000000
0.000000
0.000000
0.000000
0.000000
0.000000
0.000000
0.000000
0.000000
0.000000
0.000000
0.000000
0.000000
0.000000
0.000000
0.000000
0.000000
0.000000
0.000000
0.000000
0.109375
0.109375
1.187500
2.312500
2.546875
2.625000
2.625000
2.812500
2.812500
2.812500
2.062500
0.921875
0.109375
0.000000
0.000000
0.000000
0.000000
0.000000
0.000000
0.000000
0.000000
0.000000
0.000000
0.000000
0.000000
0.000000
0.000000
0.000000
0.000000
0.000000
0.000000
0.000000
0.000000
0.000000
0.000000
0.093750
0.093750
0.093750
0.078125
0.078125
0.000000
0.000000
0.000000
0.000000
0.203125
0.203125
0.000000
0.000000
0.000000
0.000000
0.000000
0.000000
0.000000
0.000000
0.000000
0.000000
0.140625
0.140625
0.140625
0.000000
0.000000
0.000000
0.000000
0.000000
0.000000
0.000000
0.000000
0.000000
0.000000
0.000000
0.000000
0.000000
0.000000
0.000000
0.000000
0.000000
0.000000
0.000000
0.000000
0.703125
1.156250
1.156250
1.328125
1.703125
2.859375
3.328125
3.328125
3.328125
1.984375
1.140625
0.218750
0.000000
0.000000
0.000000
0.000000
0.000000
0.000000
0.000000
0.000000
0.000000
0.000000
0.000000
0.000000
0.000000
0.000000
0.000000
0.000000
0.000000
0.000000
0.000000
0.000000
0.000000
0.015625
0.125000
0.453125
0.453125
0.453125
0.312500
0.000000
0.000000
0.000000
0.000000
0.000000
0.015625
0.953125
0.953125
0.562500
0.562500
0.687500
0.687500
0.687500
0.531250
0.515625
0.421875
0.546875
0.546875
0.546875
0.437500
0.515625
0.515625
0.515625
0.656250
0.656250
0.656250
0.593750
0.593750
0.593750
0.453125
0.375000
0.437500
0.515625
0.640625
0.640625
0.640625
0.593750
0.671875
0.671875
0.671875
0.484375
0.484375
0.484375
0.328125
0.328125
0.328125
0.453125
1.109375
1.531250
1.531250
1.531250
0.578125
0.765625
0.765625
0.765625
0.765625
0.671875
0.625000
0.843750
0.843750
0.843750
0.781250
0.609375
0.609375
0.609375
0.468750
0.484375
0.593750
0.593750
0.593750
0.421875
0.421875
0.421875
0.406250
0.406250
0.390625
0.234375
0.234375
0.281250
0.562500
0.562500
0.562500
0.609375
0.609375
0.609375
0.562500
0.453125
0.359375
1.359375
1.359375
1.359375
0.781250
0.546875
0.296875
0.296875
0.250000
0.250000
0.312500
0.437500
0.640625
0.796875
0.796875
0.796875
0.703125
0.703125
0.703125
0.562500
0.359375
0.359375
0.203125
0.265625
0.453125
0.562500
0.562500
0.562500
0.546875
0.390625
0.328125
0.328125
0.328125
0.234375
0.234375
0.296875
1.515625
2.343750
4.046875
6.062500
6.484375
6.484375
6.484375
5.781250
4.234375
3.015625
2.531250
1.625000
1.265625
0.828125
0.703125
0.828125
0.828125
0.828125
0.671875
0.593750
0.500000
0.421875
0.421875
0.218750
0.234375
0.234375
0.234375
0.296875
0.296875
0.296875
0.187500
0.156250
0.062500
0.296875
0.531250
0.921875
1.046875
1.046875
1.046875
0.640625
0.531250
0.375000
0.234375
0.109375
0.109375
0.156250
0.156250
0.000000
0.000000
0.000000
0.000000
0.000000
0.000000
0.000000
0.000000
0.000000
0.000000
0.000000
0.000000
0.000000
0.000000
0.000000
0.000000
0.000000
0.000000
0.000000
0.000000
0.000000
0.000000
0.000000
0.000000
0.000000
0.000000
0.000000
0.000000
0.000000
0.000000
0.000000
0.000000
0.000000
1.171875
2.906250
5.750000
7.875000
7.890625
7.890625
7.890625
6.453125
3.859375
0.531250
0.000000
0.000000
0.000000
0.000000
0.000000
0.000000
0.000000
0.000000
0.000000
0.000000
0.000000
0.000000
0.000000
0.000000
0.000000
0.000000
0.000000
0.000000
0.000000
0.000000
0.000000
0.000000
0.000000
0.000000
0.000000
0.000000
0.000000
0.000000
0.000000
0.000000
0.000000
0.000000
0.000000
0.000000
0.000000
0.968750
0.968750
0.000000
0.000000
0.000000
0.000000
0.000000
0.000000
0.000000
0.000000
0.000000
0.000000
0.000000
0.000000
0.000000
0.000000
0.000000
0.000000
0.000000
0.000000
0.000000
0.000000
0.000000
0.000000
0.000000
0.000000
0.000000
0.000000
0.000000
0.000000
0.000000
0.000000
0.000000
0.000000
0.000000
0.671875
1.281250
2.750000
4.671875
4.890625
4.890625
4.890625
4.062500
1.890625
0.671875
0.359375
0.000000
0.000000
0.000000
0.000000
0.000000
0.000000
0.000000
0.000000
0.000000
0.000000
0.000000
0.000000
0.000000
0.000000
0.000000
0.000000
0.000000
0.000000
0.000000
0.000000
0.000000
0.000000
0.000000
0.437500
0.437500
0.437500
0.375000
0.078125
0.000000
0.000000
0.000000
0.000000
0.000000
0.000000
