001d
0019
0019
001a
0019
001a
001a
001a
001b
0019
0018
0017
0017
0015
0015
0014
0016
0013
0013
0015
0013
0012
0014
0015
0015
0017
0018
0018
0019
0018
0019
0019
001a
001a
001b
001b
001a
0019
0019
0018
0018
0016
0015
0016
0013
0013
0013
0015
0015
0016
0014
0016
0016
0018
0016
0017
0016
0013
0014
0016
0015
0016
0015
0013
0013
0010
000f
0010
000f
0007
0001
0000
0000
0000
0000
0000
0000
0000
0000
0000
0000
0000
0000
0013
0028
002b
002a
0028
002a
002d
002e
0030
0031
0030
0030
002e
002e
002d
002b
002b
002a
0029
002b
002c
002e
002b
002a
0029
0026
0026
0025
0023
0022
0020
001a
0019
0017
0012
0014
0013
0014
0011
0012
0011
0011
0010
0011
0011
0011
0010
000e
000e
000e
000c
000c
0008
000a
000b
000b
000b
000b
000d
000f
0011
0013
0015
0015
0013
0013
0014
0012
0014
0013
0014
0012
0010
0010
0010
0007
0005
0005
0000
0000
0000
0000
0000
0000
0000
0000
0000
0000
0000
0000
0000
0000
0000
0000
0000
0000
0000
0001
0000
0000
0000
0000
0000
0000
0000
0000
0000
0000
0000
0000
0000
0000
0000
0000
0000
0000
0000
0000
0000
0000
0000
0000
0000
0000
0000
0000
0000
0000
0000
0000
0000
0000
0000
0000
0000
0000
0000
0000
0000
0000
0000
0000
0000
0000
0000
0000
0000
0000
0000
0000
0000
0000
0000
0000
0000
0000
0000
0000
0000
0000
0007
0009
0008
0006
0000
0001
0002
0001
0000
0002
0000
0000
0000
0001
0000
0000
0000
0000
0000
0000
0000
0001
0000
0000
0000
0000
0000
0001
0000
0000
0000
0000
0000
0000
0000
0000
0000
0000
0000
0000
0000
0000
0000
0000
0000
0000
0000
0000
0000
0000
0000
0000
0000
0000
0000
0000
0000
0000
0000
0000
0000
0000
0000
0000
0000
0000
0000
0000
0000
0000
0000
0000
0000
0000
0000
0000
0000
