0000
0000
0000
0000
0007
0005
0003
0008
0000
0006
0006
0003
0002
0004
0000
0004
0000
0000
0003
0000
0000
0001
0003
0000
0002
0000
0001
0000
0003
0004
0006
0008
0002
0003
000a
0003
0004
000a
0003
0004
0005
0002
0003
0002
0001
0000
0003
0000
0000
0000
0001
0002
0002
0000
0000
0003
0001
0003
0005
0000
0000
0000
0000
0002
0003
0003
0002
0002
0000
0000
0003
0000
0000
0000
0000
0000
0000
0000
0000
0000
0000
0000
0012
0020
0015
0014
0015
0018
0016
000d
000d
0016
0015
0011
0013
0015
0012
0015
0016
0012
0010
0012
0011
0013
000d
0013
0014
0010
0010
0015
000e
000f
000e
0008
000d
000a
0004
0005
0005
0004
0000
0004
0002
0000
0002
0000
0000
0000
0000
0000
0002
0000
0000
0000
0000
0000
0000
0000
0000
0000
0000
0000
0000
0000
0000
0000
0000
0002
0001
0001
0001
0002
0000
0001
0001
0000
0002
0000
0000
0003
