0.000000
0.000000
0.000000
0.000000
0.000000
0.000000
0.000000
0.000000
0.000000
0.000000
0.000000
0.000000
0.000000
0.000000
0.000000
0.000000
0.000000
0.000000
0.000000
0.000000
0.000000
0.000000
0.000000
0.000000
0.000000
0.000000
0.000000
0.000000
0.000000
0.000000
0.000000
0.000000
0.000000
0.000000
0.328125
0.703125
0.234375
0.875000
1.828125
1.578125
0.765625
0.000000
0.000000
0.000000
0.000000
0.000000
0.000000
0.000000
0.000000
0.000000
0.000000
0.000000
0.000000
0.000000
0.000000
0.000000
0.000000
0.000000
0.000000
0.000000
0.000000
0.000000
0.000000
0.000000
0.000000
0.000000
0.000000
0.000000
0.000000
0.156250
0.046875
0.000000
0.000000
0.000000
0.000000
0.000000
0.000000
0.000000
0.000000
0.531250
0.593750
0.484375
1.093750
1.578125
1.812500
1.703125
1.734375
1.609375
1.515625
1.375000
1.375000
1.000000
1.046875
1.015625
1.093750
1.218750
1.390625
1.468750
1.687500
1.796875
1.734375
1.562500
1.531250
1.453125
1.328125
1.359375
1.468750
1.468750
1.500000
1.515625
1.703125
1.593750
1.515625
1.468750
0.781250
0.171875
0.000000
0.000000
0.000000
0.000000
0.000000
0.000000
0.000000
0.000000
0.000000
1.437500
1.828125
2.375000
2.500000
2.328125
2.375000
2.359375
2.593750
2.312500
2.218750
2.203125
1.968750
1.640625
1.453125
1.640625
1.750000
1.390625
1.468750
1.390625
1.312500
1.265625
1.203125
1.031250
0.921875
0.546875
0.140625
0.187500
0.406250
0.906250
1.062500
1.546875
1.562500
1.625000
1.234375
0.625000
0.000000
0.000000
0.015625
0.078125
0.328125
0.093750
0.375000
0.234375
0.281250
0.125000
0.375000
0.187500
0.000000
0.000000
0.156250
0.000000
0.000000
0.171875
0.093750
0.171875
0.312500
0.359375
0.203125
0.234375
0.296875
0.062500
0.140625
0.421875
0.390625
0.031250
0.328125
0.531250
0.421875
0.328125
0.765625
0.328125
0.359375
0.859375
1.312500
1.625000
1.093750
0.000000
0.000000
0.000000
0.000000
0.000000
0.000000
0.000000
0.000000
0.000000
0.000000
0.000000
0.000000
0.000000
0.000000
0.000000
0.046875
0.093750
0.046875
0.000000
0.468750
0.515625
0.218750
0.296875
0.484375
0.281250
0.656250
0.562500
0.468750
0.562500
0.187500
0.000000
0.000000
0.281250
0.156250
0.296875
0.515625
0.468750
0.468750
0.546875
0.171875
0.593750
0.640625
0.562500
0.453125
0.406250
0.359375
0.296875
0.312500
0.375000
0.203125
0.140625
0.187500
0.406250
0.296875
0.437500
0.578125
0.453125
0.515625
0.468750
0.421875
0.250000
0.281250
0.328125
0.343750
0.453125
0.578125
0.500000
0.296875
0.500000
0.546875
0.375000
0.250000
0.187500
0.000000
0.000000
0.000000
0.000000
0.578125
2.687500
3.640625
3.859375
2.546875
1.390625
0.906250
0.796875
0.812500
0.562500
0.437500
0.359375
0.343750
0.734375
0.578125
0.453125
0.343750
0.421875
0.218750
0.062500
0.109375
0.421875
0.421875
0.281250
0.296875
0.421875
0.390625
0.437500
0.250000
0.171875
0.046875
0.000000
0.000000
0.312500
0.562500
0.515625
0.609375
0.625000
0.500000
0.359375
0.156250
0.000000
0.000000
0.000000
0.000000
0.000000
0.000000
0.000000
0.000000
0.000000
0.000000
0.000000
0.000000
0.000000
0.000000
0.000000
0.000000
0.000000
0.000000
0.000000
0.000000
0.000000
0.000000
0.000000
0.000000
0.000000
0.000000
0.000000
0.000000
0.000000
0.000000
0.000000
0.000000
0.000000
0.000000
0.000000
0.000000
0.000000
0.000000
0.000000
0.000000
0.000000
0.000000
0.000000
0.000000
0.000000
0.000000
0.000000
0.000000
0.000000
0.000000
0.000000
0.000000
0.000000
0.000000
0.000000
0.000000
0.000000
0.000000
0.000000
0.000000
0.000000
0.000000
0.000000
0.000000
0.000000
0.000000
0.000000
0.000000
0.000000
0.000000
0.000000
0.000000
0.000000
0.000000
0.000000
0.000000
0.000000
0.000000
0.000000
0.000000
0.000000
0.000000
0.187500
0.000000
0.000000
0.000000
0.000000
0.000000
0.000000
0.000000
0.000000
0.000000
0.000000
0.000000
0.000000
0.000000
0.000000
0.000000
0.000000
0.000000
0.000000
0.000000
0.000000
0.000000
0.000000
0.000000
0.000000
0.000000
0.000000
0.000000
0.000000
0.000000
0.000000
0.000000
0.000000
0.000000
0.109375
0.109375
1.187500
2.312500
2.546875
2.625000
2.437500
2.812500
2.062500
0.921875
0.109375
0.000000
0.000000
0.000000
0.000000
0.000000
0.000000
0.000000
0.000000
0.000000
0.000000
0.000000
0.000000
0.000000
0.000000
0.000000
0.000000
0.000000
0.000000
0.000000
0.000000
0.000000
0.000000
0.000000
0.000000
0.093750
0.078125
0.078125
0.000000
0.000000
0.000000
0.000000
0.000000
0.000000
0.203125
0.562500
0.468750
0.375000
0.687500
0.531250
0.515625
0.390625
0.406250
0.421875
0.546875
0.390625
0.265625
0.437500
0.515625
0.468750
0.421875
0.656250
0.593750
0.578125
0.593750
0.453125
0.359375
0.359375
0.375000
0.437500
0.515625
0.640625
0.593750
0.343750
0.453125
0.671875
0.468750
0.343750
0.484375
0.093750
0.000000
0.328125
0.093750
0.000000
0.453125
1.109375
1.531250
0.578125
0.000000
0.125000
0.765625
0.765625
0.671875
0.593750
0.609375
0.625000
0.843750
0.781250
0.562500
0.515625
0.609375
0.468750
0.187500
0.109375
0.484375
0.593750
0.359375
0.281250
0.421875
0.406250
0.406250
0.390625
0.218750
0.234375
0.078125
0.093750
0.281250
0.562500
0.484375
0.437500
0.609375
0.562500
0.453125
0.359375
0.000000
0.156250
0.000000
0.000000
0.000000
0.000000
0.000000
0.000000
0.000000
0.000000
0.000000
0.000000
0.000000
0.000000
0.000000
0.000000
0.000000
0.000000
0.000000
0.000000
0.000000
0.000000
0.000000
0.000000
0.000000
0.000000
0.000000
0.000000
0.000000
0.000000
0.000000
0.000000
0.000000
0.000000
0.000000
0.000000
0.000000
1.171875
2.906250
5.750000
7.875000
7.890625
6.453125
3.859375
0.531250
0.000000
0.000000
0.000000
0.000000
0.000000
0.000000
0.000000
0.000000
0.000000
0.000000
0.000000
0.000000
0.000000
0.000000
0.000000
0.000000
0.000000
0.000000
0.000000
0.000000
0.000000
0.000000
0.000000
0.000000
0.000000
0.000000
0.000000
0.000000
0.000000
0.000000
0.000000
0.000000
0.000000
0.000000
0.000000
0.000000
