003d
0042
0045
003e
0033
0030
002f
002f
002c
002e
002c
0028
0026
0025
0023
0022
0023
0023
001f
001f
0020
0022
0024
002a
002c
002e
002e
002f
0030
002f
002f
002e
0030
0031
0032
002e
0030
002f
002b
0028
0027
0026
0026
0027
0023
0020
001f
0021
0024
0026
0026
0026
0028
0028
0027
0026
0026
0024
0021
0021
0022
0022
0020
001e
001f
001a
0018
0017
0017
0016
001c
001a
001d
0033
0052
0069
0076
0074
0078
0081
0087
008c
008a
0096
009c
0088
0079
007f
007c
0070
0068
006d
0068
0065
0063
005d
005b
0059
0054
0053
0058
0056
0052
0055
0054
0054
0052
0053
004e
004b
0046
0046
0042
003f
003f
0037
0032
002a
0022
001b
001c
001c
001b
001c
001a
0017
0016
0017
0016
0016
0014
0010
000d
000f
000e
000a
0007
000b
000d
000f
0019
001c
001f
0024
0029
0028
0025
0025
0022
0020
001f
001f
001d
001d
001b
001b
0017
0016
0016
0012
0032
0039
0038
003d
0037
0038
0039
003b
003b
0038
0034
0032
002c
0029
0027
0026
0024
0023
0023
0023
0023
0024
0026
0026
0029
002c
002f
0033
0036
0037
0038
0039
003a
003c
003f
003f
003f
003b
0038
0033
0034
0032
002c
0024
0023
0024
0024
0024
0025
0026
0028
0029
002d
002d
002d
002b
0029
002b
0027
0028
0024
0024
0025
0024
0021
001b
0019
001d
0021
0028
0027
0022
002b
004c
006f
0099
00bf
00bb
00be
00c6
00c4
00cf
00cb
00de
00dc
00bd
009b
0090
0087
0087
0087
008f
0090
008e
008d
0088
0084
0083
007e
007c
0078
0077
0076
007d
007d
007d
0079
0077
0074
006d
0067
0060
005a
0057
0053
0044
0039
002f
0027
0022
0020
0020
0020
001e
001b
0017
0014
0015
0014
0015
0013
0010
000c
000b
0008
0005
0003
0003
0003
0004
0008
000c
000e
0018
0020
0023
0026
0025
0022
0021
0022
0021
0021
001f
001e
001d
001c
001e
001f
0016
0000
0018
0007
000d
0011
0015
0017
001b
001b
001e
0016
001a
001b
0018
0016
0017
0013
001a
000f
0010
0019
0018
0010
0010
0011
000b
0010
0012
0016
0015
0016
0011
0013
0019
0017
001b
001f
0014
0017
001f
001c
001c
0019
0017
0013
0010
0011
0013
0017
0014
0015
0011
0016
0016
0018
0018
001c
0019
0013
0011
001a
0018
001c
0018
0018
0013
0014
0010
0017
0013
0003
0000
0000
0000
0000
0000
0000
0000
0000
0000
0000
0000
0000
0001
001a
0022
000d
0002
0000
000c
001f
001c
001f
002b
002a
002a
002a
0026
0024
0026
0027
0023
001a
0022
002a
002f
0026
0029
0029
0022
001c
0022
0020
0029
001e
0018
0014
0013
000d
0010
0017
001b
0014
0019
0011
0011
0010
0012
0015
0017
0010
0011
0015
0013
0010
000b
0008
000c
000e
000a
0004
0008
0000
0000
0003
000b
0012
0013
0011
0013
0014
0014
0015
001b
0019
0015
0012
0018
0017
0010
0000
0010
0022
0035
0040
004a
0053
0060
005a
005b
0059
005a
0059
0054
004c
004f
004a
0047
004b
0046
0049
0042
003e
0030
0032
002a
0034
003a
003e
003e
003c
0040
0043
004c
0056
0056
005a
0057
0058
005d
005f
0058
0054
004d
004a
0045
0046
0040
0046
003f
0041
003d
0044
004b
0051
0054
0050
0049
0048
0046
0050
0055
0057
0054
0050
0047
0044
0045
0043
0037
001b
0000
0000
0000
0000
0000
0000
0000
0000
0000
0000
0000
0000
0000
0000
0000
0000
0000
0011
0032
004f
0061
006f
0085
008d
0090
008b
0085
0082
0080
0076
0074
0071
0081
0087
008a
0084
0080
007b
007b
0072
0073
0071
006f
0065
005a
0050
004b
0043
0048
004f
0054
004d
0048
0044
003d
003f
0042
0041
0042
0040
0041
0041
0040
0037
0031
002a
0027
0020
001b
0007
0003
0000
0005
0014
0025
002f
0037
003b
0040
0046
004a
004f
0054
0051
0047
0046
0048
003a
0022
000f
0003
0000
0018
0026
002e
0032
003e
0041
003a
003c
0042
003e
003e
0039
003a
003a
0031
0032
0039
003c
002f
0030
002a
0024
001d
0022
0027
002b
0029
002a
0029
002b
002e
0037
003c
0039
0039
0040
0040
0040
003f
003d
0039
0039
0035
0038
0032
0033
002f
002d
0029
002a
0030
0033
003b
003c
0031
0031
0032
0032
0038
003c
0039
003b
003c
0033
0036
003d
0034
002d
0021
000a
0004
0000
0000
0000
0000
0000
0000
0000
0000
0000
0000
0000
0000
0000
0000
0000
0016
0024
002a
003a
004c
0055
005b
0061
005c
0059
005f
0054
0049
0047
0051
005a
0055
0053
0058
0053
0053
0056
0053
0051
0050
0048
0044
0046
003e
0037
0037
003a
003a
0038
0038
0035
002f
002c
002f
0031
002d
002c
0032
0034
0030
002d
002b
002c
002b
0021
001f
0014
000b
0000
0000
0008
0016
001b
0021
0026
0029
002e
0031
0035
003c
003c
0035
0034
003e
0038
0024
000c
0014
0023
0038
0038
0032
003e
0043
0041
0038
0033
003c
0039
002e
002d
002e
0030
002b
0024
002e
0033
0025
0020
001d
0019
0019
0026
002d
0031
002c
0026
0029
0034
0038
003d
0042
0038
0033
003e
0041
003b
0036
0034
0029
0027
0027
0026
002b
002c
002a
0026
0028
0031
0036
003c
003b
0031
002a
0024
0031
0039
003a
003a
0035
002a
0028
0025
002b
0026
0012
0000
0000
0000
0000
0000
0000
0000
0000
0000
0000
0000
0000
0000
0000
0034
0036
000e
0005
0022
0048
0050
004f
0060
006a
0066
0062
0057
0054
0052
0053
004d
0041
0047
005d
0066
0061
0056
0056
0051
0046
0048
004a
004d
0044
003b
002e
0028
0022
0021
002f
003b
0037
002f
0026
0024
0023
0027
002a
002f
0029
0025
002a
002b
0026
0018
0013
0012
0015
0011
0002
0000
0000
0000
0008
0014
002c
002e
0029
0029
002c
0031
0035
003d
0039
0031
0028
002d
0029
0021
0007
000e
0024
0044
0031
0014
0016
0010
000d
0008
0001
0008
0007
0000
0001
0001
0004
000a
0007
0008
000b
0002
000d
0013
0013
0010
001a
0017
001d
001a
0019
0017
0016
0016
0012
0014
0011
0007
000a
0007
0005
0007
0004
0000
0004
0003
0004
0005
000a
000e
0014
0010
0011
0014
0018
0010
000e
000b
0006
000b
000b
0009
000e
000a
0002
0004
0000
0000
0008
0013
000a
000e
001b
0030
0056
006b
007c
00b7
0111
0158
016e
0167
015d
0154
0161
0145
00fc
00c2
0082
0058
003c
0025
0026
001c
0010
0008
0000
0000
0000
0000
0000
0000
0000
0006
0002
0001
0000
0000
0000
0000
0000
0000
0000
0000
0000
0000
0000
0000
0000
0000
0001
0008
000b
0008
0003
0005
0009
0009
0010
000d
000b
000c
000e
000a
000a
000a
0006
0007
0009
0014
001c
0019
001e
0029
002c
0031
0026
0023
0020
001a
0011
0011
000f
000b
000d
0009
0000
0002
000d
0003
0000
0000
0000
0000
0024
0012
0003
0005
0000
0000
0000
0000
0000
0000
0000
0000
0000
0000
0001
0000
0000
0000
0000
0000
0000
0000
0000
0000
0000
0000
0000
0004
0001
0003
0005
0000
0005
0002
0000
0003
0000
0000
0000
0000
0000
0000
0000
0000
0000
0000
0000
0000
0003
0000
0002
0000
0000
0000
0000
0000
0002
0000
0000
0000
0000
0000
0000
0000
0000
0000
0000
0000
0000
0000
0000
0000
0000
0000
0000
0000
0000
0018
002f
003f
0046
0063
0071
007e
0072
0041
0022
0010
000a
0016
000e
0007
0004
0003
0000
0000
0000
0000
0001
0008
0000
0000
0000
0000
0003
0003
0000
0000
0000
0000
0000
0000
0000
0000
0000
0000
0000
0000
0000
0000
0000
0000
0000
0000
0000
0000
0000
0000
0000
0000
0000
0000
0000
0000
0000
0000
0000
0000
0000
0004
0008
0005
0005
0002
0005
0006
0006
0000
0001
0000
0000
0000
0000
0000
0000
0000
0000
