0000
0000
0000
0024
0012
0003
0005
0000
0000
0000
0000
0000
0000
0000
0000
0000
0000
0001
0000
0000
0000
0000
0000
0000
0000
0000
0000
0000
0000
0000
0004
0001
0003
0005
0000
0005
0002
0000
0003
0000
0000
0000
0000
0000
0000
0000
0000
0000
0000
0000
0000
0003
0000
0002
0000
0000
0000
0000
0000
0002
0000
0000
0000
0000
0000
0000
0000
0000
0000
0000
0000
0000
0000
0000
0000
0000
0000
0000
0000
0000
0018
002f
003f
0046
0063
0071
007e
0072
0041
0022
0010
000a
0016
000e
0007
0004
0003
0000
0000
0000
0000
0001
0008
0000
0000
0000
0000
0003
0003
0000
0000
0000
0000
0000
0000
0000
0000
0000
0000
0000
0000
0000
0000
0000
0000
0000
0000
0000
0000
0000
0000
0000
0000
0000
0000
0000
0000
0000
0000
0000
0000
0000
0004
0008
0005
0005
0002
0005
0006
0006
0000
0001
0000
0000
0000
0000
0000
0000
0000
0000
