1.531250
1.625000
2.578125
3.093750
3.281250
3.531250
3.593750
3.406250
3.359375
3.109375
2.843750
2.484375
2.281250
2.156250
2.078125
2.531250
2.718750
3.062500
3.390625
3.546875
3.453125
3.500000
3.437500
3.187500
2.875000
2.781250
2.937500
3.140625
3.250000
3.343750
3.359375
3.468750
3.187500
1.500000
0.000000
0.000000
0.000000
0.000000
0.000000
0.000000
0.000000
0.000000
0.000000
0.000000
1.828125
2.265625
2.468750
3.718750
3.890625
3.890625
3.890625
3.937500
4.171875
4.500000
4.703125
4.656250
4.375000
4.203125
3.968750
3.718750
3.468750
3.296875
3.375000
3.281250
3.250000
3.265625
2.718750
2.015625
1.484375
0.625000
0.515625
1.250000
1.718750
2.687500
3.078125
3.203125
3.000000
2.703125
2.203125
1.671875
0.000000
0.000000
0.046875
0.031250
0.750000
0.984375
1.046875
1.078125
1.109375
0.968750
0.781250
0.625000
0.453125
0.328125
0.125000
0.296875
0.359375
0.640625
0.937500
1.031250
0.984375
0.984375
1.078125
1.000000
0.750000
0.546875
0.687500
0.843750
0.937500
1.015625
1.046875
1.093750
1.609375
1.312500
1.156250
2.250000
1.765625
0.234375
0.000000
0.000000
0.000000
2.390625
3.437500
3.109375
0.281250
0.046875
0.000000
0.734375
0.656250
0.593750
0.500000
0.609375
0.796875
1.109375
1.343750
1.375000
1.265625
1.296875
1.390625
1.343750
1.203125
1.093750
1.218750
1.250000
1.234375
1.421875
1.515625
1.703125
1.750000
1.703125
0.765625
0.000000
0.000000
0.000000
0.312500
0.937500
1.093750
1.500000
1.437500
1.296875
