0051
00c2
0166
013b
0116
00c1
00aa
0087
0070
0053
005b
0073
0086
008b
00ae
00c0
00c3
00be
00b4
009d
009a
009b
0099
009d
0092
0099
00ad
00b6
00b4
00a3
0067
0033
000e
0000
0000
0000
0000
0000
0000
0000
0000
0000
0000
0000
0181
01cf
0183
0138
011b
0115
00ea
00ab
008e
0085
0064
0058
0050
006e
008b
007f
007e
008b
008b
007e
0074
004e
0045
0014
0000
0000
0000
001d
00a3
011d
0134
00e1
005a
0000
0000
0000
0036
0000
0000
0000
0000
0000
0000
0000
0000
0000
0000
0000
0000
0000
0000
0000
0000
0000
0000
0000
0000
0000
0000
0000
0000
0000
0000
0000
0000
0000
0000
0000
0000
0000
0000
0082
0176
0238
020a
0352
03ff
02c1
01fc
00c2
0000
0000
0000
0000
0000
0000
0000
0000
0000
0000
0000
0000
0000
0000
0000
0000
0000
0000
0000
0000
0000
0000
0000
0000
0012
005f
0043
0000
0000
0000
0000
0000
0000
0000
0003
003a
