002a
0000
0000
0000
0000
0000
0000
0000
0000
0000
0000
0000
0000
0000
0000
0000
0000
0000
0000
0000
0000
0000
0000
0000
0000
0000
0000
0000
0000
0000
0000
0000
0000
0000
0000
0000
0000
0000
0000
0000
00f6
01ad
014f
0033
0000
0000
0000
0000
0000
0000
0000
0000
0000
0000
0000
0000
0000
0000
0000
0000
0000
0000
0000
0000
0000
0000
0000
0000
0000
0017
0032
002b
0000
0000
0000
0000
0000
0000
0000
0000
0000
0000
0000
004b
005e
0075
008d
008b
007f
0069
0059
0046
0034
0021
0012
0021
003a
0046
0066
0087
008c
008b
007e
0065
0049
004b
0052
0060
0074
007c
0084
0087
0094
00b0
007c
008f
00f4
0079
0000
0000
0000
0000
0000
0000
0000
0000
0000
0002
0066
0069
0060
006c
0078
0096
00b9
00c9
00c9
00bf
00b0
0094
0077
006a
0085
0091
007b
0091
00a3
008e
0069
0035
0000
0000
0000
0000
0026
0050
0079
007f
00a2
009b
