0.468750
0.421875
0.359375
0.328125
0.296875
0.328125
0.296875
0.328125
0.281250
0.250000
0.250000
0.265625
0.218750
0.203125
0.187500
0.218750
0.218750
0.218750
0.218750
0.281250
0.296875
0.281250
0.296875
0.312500
0.296875
0.296875
0.328125
0.359375
0.343750
0.343750
0.328125
0.328125
0.343750
0.328125
0.343750
0.328125
0.265625
0.265625
0.296875
0.281250
0.265625
0.250000
0.187500
0.187500
0.203125
0.218750
0.281250
0.296875
0.312500
0.296875
0.312500
0.296875
0.312500
0.296875
0.281250
0.265625
0.265625
0.234375
0.234375
0.265625
0.281250
0.234375
0.250000
0.187500
0.187500
0.187500
0.187500
0.187500
0.171875
0.015625
0.000000
0.000000
0.000000
0.000000
0.000000
0.000000
0.000000
0.000000
0.000000
0.000000
0.359375
0.953125
1.421875
1.687500
1.656250
1.312500
0.890625
0.609375
0.531250
0.562500
0.531250
0.531250
0.515625
0.468750
0.406250
0.375000
0.359375
0.343750
0.390625
0.375000
0.343750
0.343750
0.390625
0.453125
0.453125
0.421875
0.359375
0.343750
0.312500
0.281250
0.281250
0.296875
0.281250
0.234375
0.156250
0.125000
0.109375
0.109375
0.156250
0.234375
0.265625
0.265625
0.218750
0.187500
0.187500
0.218750
0.187500
0.234375
0.234375
0.203125
0.187500
0.218750
0.187500
0.171875
0.140625
0.125000
0.187500
0.250000
0.250000
0.250000
0.250000
0.281250
0.281250
0.312500
0.343750
0.375000
0.343750
0.312500
0.281250
0.296875
0.296875
0.296875
0.265625
0.250000
0.203125
0.156250
0.203125
0.171875
0.031250
0.000000
