0008
0008
0008
0007
0008
0008
0008
0008
0007
0008
0008
0008
0008
0009
0009
0009
0009
0008
0007
0007
0007
0007
0007
0008
0008
0008
0008
0008
0008
0008
0008
0009
0009
0009
0009
0008
0008
0008
0008
0008
0007
0007
0008
0008
0008
0006
0007
0008
0008
0008
0007
0007
0007
0007
0007
0008
0008
0008
0008
0009
0009
0009
0009
0007
0007
0007
0007
0007
0007
0006
0002
0000
0000
0000
0000
0000
0000
0000
0000
0000
0000
0000
0000
0000
0007
0008
000b
000b
000c
000c
000c
000c
000c
000c
000c
000b
000b
000b
000b
000a
000b
000b
000b
000b
000b
000b
000a
000a
0009
0009
0009
000a
000a
000a
0009
0008
0008
0007
0008
0008
0008
0008
0008
0008
0008
0008
0008
0008
0008
0008
0007
0007
0007
0007
0006
0006
0006
0006
0008
0008
0008
0008
0008
0008
0008
0008
0007
0007
0007
0007
0007
0008
0009
0009
0009
0007
0007
0007
0006
0000
000c
000c
000c
000e
000e
000e
000e
000e
000d
000e
000e
000e
000b
000a
000a
000a
0009
0009
0008
0008
0009
0009
0009
0009
000c
000d
000d
000d
000d
000d
000d
000d
000e
000e
000e
000d
000e
000e
000e
000d
000d
000d
000b
000b
000a
0009
0009
0009
000a
000a
000b
000c
000c
000c
000c
000c
000b
000a
000a
000a
000a
000a
000a
0008
0008
0006
0006
0006
0006
0003
000b
0019
0024
003a
0066
0084
0099
00a4
00a9
00b3
00b3
00b3
00a5
0087
0069
0041
001c
001d
001f
0020
0022
0024
0024
0024
0024
0023
0022
0020
001f
001f
001f
001e
001e
001e
001e
001e
001e
001e
001d
001a
0018
0017
0017
0016
0015
0011
0010
000d
000b
0009
0009
0008
0007
0007
0007
0007
0007
0007
0006
0005
0005
0003
0002
0001
0001
0000
0000
0000
0000
0000
0003
0004
0005
0006
0007
0008
0008
0008
0008
0008
0007
0007
0007
0007
0006
0006
0006
0006
0004
0000
0037
0037
0038
0038
0038
0039
0039
003c
003c
003c
0038
0035
0035
0033
0030
002e
002d
002d
002c
002c
002c
002c
002e
002e
002e
0030
0033
0035
0037
0037
0037
0039
003a
003a
003e
003e
003e
003b
0038
0038
0038
0036
0036
002f
002d
002c
002c
002d
002e
002e
002f
002f
0032
0032
0032
0032
0032
0032
002e
002e
002e
002e
002e
002e
002d
0028
0026
0026
0026
0026
001f
000d
0009
0014
0014
0014
000e
0000
0000
0000
000f
0016
0026
004f
0060
0062
0062
0062
0062
0067
0067
006e
0070
0070
0070
006f
006c
006b
0066
0064
0064
0062
005f
0068
0068
0068
0063
0061
0060
005c
0057
0057
0051
004f
004f
0043
003b
0037
002e
002b
002b
002b
002b
002b
0028
0022
0022
0024
0024
0024
0021
001e
001e
001e
001a
0019
0014
0015
0015
0015
0015
0018
0019
0022
0028
002c
002c
002c
002a
002a
002a
002b
002c
002c
002c
002a
0026
0024
0024
0020
001e
001e
001b
0017
0015
0015
0015
0015
0015
0012
0011
0011
0011
000e
000e
000e
000e
000e
0012
0013
0013
0013
0014
0014
0014
0015
0017
0017
0017
0016
0016
0016
0016
0016
0016
0016
0015
0013
0013
0013
0012
0011
0010
000d
000e
0012
0013
0014
0014
0014
0014
0014
0014
0014
0013
0012
0011
0011
0011
0012
0012
0012
0010
0010
000c
000c
000c
000c
000c
000b
0001
0000
0000
0000
0000
0000
0000
0000
0000
0017
003d
005b
006c
006c
006c
006a
0054
0039
0027
0024
0024
0022
0022
0021
001e
001a
0018
0019
0019
0019
0018
0019
001d
001d
001d
001d
001b
0017
0016
0014
0013
0013
0013
0012
000f
000a
0008
000a
000f
0011
0011
0011
0011
000e
000e
000e
000f
000f
000f
000f
000e
000e
000e
000c
000b
000c
0010
0010
0010
0010
0012
0012
0014
0016
0018
0018
0018
0016
0014
0013
0013
0013
0013
0011
0010
000d
000d
000d
000b
0002
002f
0056
0056
0056
004e
004f
004f
0053
0053
0053
0051
0051
0048
0048
0044
0043
003f
003f
003a
003a
003a
003c
003d
003d
0041
0042
0047
0049
004f
004f
004f
0050
0051
0053
0054
0054
0054
0053
0052
004d
004d
004d
0048
0046
0042
003d
003c
003c
0042
0042
0042
0041
0045
0045
0046
0046
0046
0044
0042
003f
0042
0042
0042
003e
003e
0038
0037
002f
002c
0028
0023
001a
000c
0006
0007
0007
0007
0000
0000
0000
0001
0016
0031
0056
0079
0093
0093
0093
0092
0096
009f
00a5
00a7
00ab
00ab
00ab
00a7
00a3
009d
0098
0095
0094
0093
0096
0098
0099
0099
0099
0091
008e
0083
0080
0077
0076
006d
0067
005b
004e
0045
003b
0037
003a
003a
003a
0033
0033
002e
002d
002d
002d
002b
0028
0024
0022
0020
001e
0017
0014
0017
0017
0019
001d
0022
002a
0032
0039
003b
003b
003b
003b
0039
003c
003c
003c
0039
0038
0035
002c
0029
0020
0000
0000
0000
0000
0000
0000
0000
0000
0000
0000
0000
0000
0000
0000
0000
0000
0000
0000
0000
0000
0000
0000
0000
0000
0000
0000
0000
0000
0000
0000
0000
0000
0000
0000
0000
0000
0000
0000
0000
0000
0000
0000
0000
0000
0000
0000
0000
0000
0000
0000
0000
0000
0000
0000
0000
0000
0000
0000
0000
0000
0000
0000
0000
0000
0000
0000
0000
0005
0009
0013
0018
0018
0020
002c
0032
0048
0065
0065
0065
005b
003b
001f
0000
0000
0000
0000
0000
0000
0000
0000
0000
0000
0000
0000
0000
0000
0000
0000
0000
0000
0000
0000
0000
0000
0000
0000
0000
0000
0000
0000
0000
0000
0000
0000
0000
0000
0000
0000
0000
0000
0000
0000
0000
0000
0000
0000
0000
0000
0000
0000
0000
0000
0000
0000
0000
0000
0000
0000
0000
0000
0000
0000
0000
0000
0000
0000
0000
0000
0000
0000
0000
0000
0000
0000
0000
0000
0003
0008
000b
000b
0000
0000
0000
0007
0007
0007
0008
0008
0008
0006
0006
0006
0004
0004
0004
0004
0004
0003
0003
0003
0001
0003
0003
0003
0002
0002
0001
0003
0004
0006
0008
0008
0008
000a
000a
000a
000a
000a
000a
0005
0005
0005
0003
0003
0002
0003
0003
0003
0000
0001
0002
0002
0002
0002
0003
0003
0003
0005
0005
0005
0000
0000
0002
0003
0003
0003
0003
0002
0002
0003
0003
0003
0000
0000
0000
0000
0000
0000
0000
0000
0000
0012
0020
0020
0020
0015
0018
0018
0018
0016
0016
0016
0016
0015
0015
0015
0015
0016
0016
0016
0012
0012
0013
0013
0013
0014
0014
0014
0015
0015
0015
000f
000f
000e
000d
000d
000a
0005
0005
0005
0004
0004
0004
0002
0002
0002
0000
0000
0000
0002
0002
0002
0000
0000
0000
0000
0000
0000
0000
0000
0000
0000
0000
0000
0000
0000
0002
0002
0002
0001
0002
0002
0002
0001
0001
0002
0002
0002
0003
0003
002e
002e
002e
0020
000f
000b
000a
0005
0004
0003
0003
0000
0000
0000
0000
0001
0005
0006
0006
0006
0007
000a
000b
0012
0012
0012
0010
0010
000e
000e
000e
000c
000b
000b
000a
0005
0005
0005
0001
0000
0000
0000
0000
0004
0004
0006
0006
0008
0008
000c
000c
000c
000a
000a
0007
0004
0003
0003
0003
0004
0004
0004
0000
0000
0000
0000
0000
0000
0000
0000
0000
0000
0000
0000
0000
0000
0000
0000
0000
0012
002e
0046
0051
0058
0066
0066
0066
005b
0045
002d
001f
001c
0014
000d
0009
0000
0000
0000
0000
0002
0007
0007
0007
0003
0002
0000
0000
0000
0000
0000
0000
0000
0000
0000
0000
0000
0000
0000
0000
0000
0000
0000
0000
0000
0000
0001
0001
0001
0002
0002
0002
0001
0000
0002
0002
0002
0005
000a
000c
000e
0019
001a
001c
001c
001c
0016
0012
0011
000d
0009
0009
0007
0003
0001
0000
0000
0000
0000
0000
0000
