10.875000
13.140625
15.593750
12.390625
4.828125
3.937500
4.109375
7.109375
9.734375
8.203125
5.781250
5.015625
5.421875
6.531250
7.531250
8.093750
3.703125
0.578125
7.140625
5.234375
6.984375
24.656250
33.421875
36.968750
33.562500
19.671875
10.218750
7.562500
7.937500
6.171875
4.281250
2.062500
1.671875
0.000000
2.031250
8.359375
15.109375
19.562500
18.078125
8.500000
6.343750
4.687500
1.812500
0.000000
0.000000
1.250000
4.062500
4.906250
3.171875
0.000000
0.000000
2.046875
3.140625
3.140625
6.765625
12.265625
16.500000
8.046875
7.109375
4.500000
7.171875
1.187500
2.546875
0.000000
4.046875
0.000000
0.000000
0.000000
0.000000
0.000000
1.328125
4.421875
3.437500
4.343750
4.984375
5.328125
11.187500
6.156250
0.000000
0.000000
0.000000
0.000000
0.000000
0.000000
0.000000
0.000000
0.000000
0.000000
0.000000
0.000000
0.000000
0.000000
0.000000
0.000000
0.000000
0.000000
0.000000
0.000000
0.000000
1.328125
6.187500
10.125000
20.421875
9.078125
0.000000
0.000000
0.000000
0.000000
0.000000
0.000000
0.000000
0.000000
0.000000
0.000000
0.000000
0.000000
2.500000
0.000000
0.000000
0.000000
2.687500
3.343750
5.953125
0.140625
0.000000
0.000000
0.000000
0.000000
1.765625
0.000000
0.000000
0.000000
0.000000
0.000000
0.000000
0.000000
0.000000
0.000000
5.578125
17.953125
10.125000
14.000000
20.515625
22.125000
18.703125
11.578125
2.187500
0.000000
0.000000
0.000000
0.000000
0.000000
0.000000
0.000000
0.000000
1.671875
0.812500
6.218750
7.406250
3.828125
1.046875
2.109375
3.234375
2.562500
9.625000
12.687500
12.343750
9.875000
11.250000
9.531250
11.015625
14.250000
14.703125
12.687500
12.078125
4.296875
2.953125
1.734375
0.000000
0.000000
0.000000
0.000000
4.062500
8.171875
11.687500
7.156250
3.562500
5.218750
7.296875
11.421875
13.265625
12.828125
10.921875
6.593750
8.812500
11.046875
5.140625
4.593750
3.968750
2.921875
0.000000
0.000000
0.000000
0.000000
0.000000
0.000000
0.000000
0.000000
0.000000
0.000000
0.000000
0.000000
0.000000
0.000000
0.000000
0.000000
0.000000
0.000000
0.000000
0.000000
0.000000
0.000000
0.000000
0.000000
0.000000
0.000000
0.000000
0.000000
0.000000
0.000000
0.000000
0.000000
0.000000
0.000000
0.000000
0.000000
0.000000
0.000000
0.000000
0.000000
0.000000
0.000000
0.000000
0.000000
0.000000
0.000000
0.000000
0.000000
0.000000
0.000000
0.000000
0.000000
0.000000
0.000000
0.000000
0.000000
0.000000
0.000000
0.000000
0.000000
0.000000
0.000000
0.000000
0.000000
0.000000
0.000000
0.000000
0.000000
0.000000
0.000000
0.000000
0.000000
0.000000
0.000000
0.000000
0.000000
0.000000
0.000000
0.000000
0.000000
6.515625
9.546875
11.296875
10.406250
7.750000
7.515625
8.171875
7.437500
8.125000
8.328125
7.578125
7.968750
8.578125
8.250000
7.671875
10.250000
15.187500
19.750000
29.250000
33.171875
33.265625
34.265625
36.203125
36.171875
29.421875
14.390625
4.265625
4.312500
5.593750
6.875000
6.921875
7.765625
6.265625
4.296875
6.578125
7.625000
15.187500
13.171875
15.875000
8.437500
