0.000000
0.000000
1.312500
3.015625
2.578125
1.421875
1.156250
1.421875
2.218750
3.593750
3.109375
2.875000
1.765625
2.015625
3.593750
4.531250
9.203125
11.750000
8.531250
1.000000
0.000000
0.000000
0.000000
0.000000
4.156250
6.109375
9.218750
9.875000
8.640625
7.937500
4.515625
3.093750
4.468750
4.687500
4.359375
0.000000
0.000000
0.203125
2.890625
4.187500
0.000000
0.000000
0.000000
0.000000
0.000000
0.000000
0.000000
0.000000
0.000000
0.000000
0.000000
0.000000
0.000000
0.000000
0.000000
0.000000
0.000000
0.000000
2.125000
0.000000
0.796875
0.000000
1.921875
0.000000
0.000000
0.000000
0.000000
0.000000
0.000000
0.000000
0.000000
0.000000
0.000000
0.000000
0.000000
0.000000
0.000000
0.000000
0.000000
0.000000
0.000000
0.312500
1.812500
4.812500
4.859375
3.515625
2.562500
2.296875
3.046875
4.578125
4.875000
4.984375
4.375000
4.203125
4.937500
5.890625
11.234375
17.343750
19.062500
19.296875
9.875000
2.171875
0.000000
0.000000
3.234375
5.156250
6.546875
6.578125
6.359375
6.640625
5.406250
4.703125
5.812500
6.640625
4.625000
1.796875
1.218750
1.406250
6.906250
7.593750
1.187500
1.484375
0.687500
0.921875
1.234375
1.375000
0.859375
1.656250
2.031250
1.375000
1.281250
1.000000
0.781250
1.343750
1.531250
0.703125
0.000000
0.000000
0.000000
0.000000
7.046875
7.078125
7.531250
4.984375
4.187500
4.156250
3.890625
3.375000
3.468750
1.906250
1.156250
0.890625
0.312500
0.000000
0.000000
0.000000
0.109375
1.250000
0.000000
0.015625
