01d7
008a
0000
015f
02e4
036d
02d1
01e8
00ef
01a3
0323
03f7
03d5
0347
03b1
052c
0b2f
0db3
12cf
0e25
0c40
0650
040d
0000
0000
0000
012a
0250
03d4
04bd
03c7
029c
0344
041d
03be
036f
02d7
0000
0000
0178
0000
0002
0062
013e
00d6
0000
0000
0000
0000
0000
006f
0000
0000
0000
0000
0000
0000
0000
0000
0000
0000
0000
00fb
0000
0000
0000
0000
0000
0000
0000
0000
0000
0000
0000
0000
0000
0000
0000
0000
011e
0000
0000
0000
0000
0000
0000
0000
0000
0000
0000
0000
0000
0000
0000
0000
0000
0000
0000
0000
0000
0000
0000
0000
0000
0000
0000
0000
0000
0000
0000
0000
0000
0000
0000
0000
0000
0000
0000
0000
0178
013e
015f
0177
0071
0000
0000
0002
0066
012b
00a6
0000
0000
0000
0000
0000
0000
0000
0000
0000
0000
03f8
046d
0410
0000
00d9
0000
0000
0000
0000
0000
0000
0000
0000
0000
0000
002a
01bc
01e3
0363
018d
0218
0349
03a7
0096
0000
0000
0061
0116
00ce
0000
0000
0000
0000
0000
0000
0000
0000
0000
0000
0000
02e4
087c
0b42
0bd8
082e
02b8
0098
0000
0000
0000
0000
0000
0000
0000
0000
01b3
02af
03d9
01d8
0000
0000
0000
0000
0261
03bf
023b
00e3
0000
0000
0193
0367
0326
01f8
00d3
01cb
01ab
0122
0000
0000
0000
0000
0000
0000
0000
0000
0000
0055
0110
01c7
01ac
0012
0000
0000
0097
00d7
0000
0000
0000
0000
033a
0378
0304
0000
0000
0000
0000
000c
0000
0000
0000
0000
0000
0000
0000
0000
0000
0000
0000
0000
02b5
07df
0820
0eb9
0ab9
0000
0000
0000
0000
0000
0000
0000
0000
0000
0000
0000
0192
0463
00bf
0000
014b
0215
01c6
0135
007d
0000
00cf
028d
02c2
0153
0093
0000
00ea
0228
02fc
038d
0513
0739
0219
0000
0000
0000
0000
0000
0000
0241
002f
0000
0000
0000
0000
0000
0000
0000
0000
0000
0216
0397
01bb
00e5
0000
