0000
0018
0007
000d
0011
0015
0017
001b
001b
001e
0016
001a
001b
0018
0016
0017
0013
001a
000f
0010
0019
0018
0010
0010
0011
000b
0010
0012
0016
0015
0016
0011
0013
0019
0017
001b
001f
0014
0017
001f
001c
001c
0019
0017
0013
0010
0011
0013
0017
0014
0015
0011
0016
0016
0018
0018
001c
0019
0013
0011
001a
0018
001c
0018
0018
0013
0014
0010
0017
0013
0003
0000
0000
0000
0000
0000
0000
0000
0000
0000
0000
0000
0000
0001
001a
0022
000d
0002
0000
000c
001f
001c
001f
002b
002a
002a
002a
0026
0024
0026
0027
0023
001a
0022
002a
002f
0026
0029
0029
0022
001c
0022
0020
0029
001e
0018
0014
0013
000d
0010
0017
001b
0014
0019
0011
0011
0010
0012
0015
0017
0010
0011
0015
0013
0010
000b
0008
000c
000e
000a
0004
0008
0000
0000
0003
000b
0012
0013
0011
0013
0014
0014
0015
001b
0019
0015
0012
0018
0017
0010
