0.093750
2.078125
2.875000
1.203125
0.000000
0.000000
0.000000
0.000000
0.000000
0.000000
0.000000
0.000000
0.000000
0.000000
0.000000
0.000000
5.140625
0.000000
14.062500
16.265625
8.125000
4.875000
0.000000
0.000000
0.000000
0.000000
0.000000
0.000000
0.000000
0.000000
0.000000
0.000000
0.000000
0.390625
0.000000
0.000000
0.000000
4.156250
1.546875
2.750000
0.031250
0.656250
0.000000
0.000000
0.000000
0.000000
0.000000
0.000000
0.000000
0.000000
0.000000
0.000000
0.000000
0.000000
0.000000
0.000000
0.000000
0.000000
0.000000
0.000000
6.203125
0.000000
0.000000
1.359375
0.000000
0.000000
0.000000
0.000000
0.000000
0.000000
0.000000
0.000000
0.000000
0.000000
0.000000
0.000000
0.000000
0.000000
0.000000
0.000000
7.562500
9.390625
7.515625
3.359375
0.000000
0.000000
0.000000
0.000000
2.734375
2.687500
0.812500
0.000000
0.000000
0.000000
0.000000
0.000000
0.000000
0.000000
0.000000
0.000000
4.203125
7.156250
37.031250
26.093750
8.218750
2.078125
0.000000
0.000000
0.000000
0.000000
0.000000
0.000000
0.000000
0.000000
0.000000
0.000000
2.515625
7.156250
3.625000
0.234375
0.000000
0.890625
4.093750
5.640625
0.000000
0.000000
0.000000
0.000000
0.390625
2.078125
0.062500
0.000000
0.000000
0.000000
0.000000
0.000000
0.000000
0.000000
0.000000
9.781250
8.359375
27.406250
44.093750
32.343750
18.812500
5.046875
0.687500
0.531250
0.000000
1.671875
3.015625
0.828125
0.000000
0.000000
0.000000
0.000000
0.000000
6.406250
7.093750
3.875000
