004d
00b0
00ba
00b6
00bd
00b3
00a5
00a0
009d
0099
008a
0084
0090
0098
009c
00a8
00bb
00c1
00bf
00b8
00b0
00a0
0092
0097
00a1
00aa
00b6
00b0
00a5
00ac
00ad
00a7
0099
007b
005d
0055
0036
0053
003a
008f
0151
0180
018d
010a
00f8
010f
012e
0122
0114
0108
0110
0126
0121
0109
00f0
00df
00c5
0097
0086
0092
009e
0096
0089
0090
0090
0085
0071
0063
004d
0047
0041
0060
0082
0093
00a1
00aa
00ab
009c
0075
003a
0000
000a
001c
0000
0000
0000
0000
0000
0000
0000
0000
0000
0000
0000
0000
0000
0000
0000
0000
0000
0000
0000
0000
0000
0000
0000
0000
0000
0000
0000
0000
0000
0000
0000
0000
0000
0026
00ec
00cd
0011
0000
0070
0139
010f
00ab
006d
0058
003c
000f
0000
0000
0000
0002
000a
0000
0000
0002
0000
0000
0000
0000
0000
0000
0000
0000
0000
0000
0000
0000
0000
0000
0000
0000
0003
0000
0000
0000
0000
0000
0000
002d
0077
0079
0068
0074
0071
0066
006c
0068
0063
0058
006a
0069
005d
0070
0079
006e
007a
007e
0069
006a
006d
0066
0064
006f
0078
0072
0068
0079
007b
005a
006d
006d
0041
0041
0071
0022
008b
0121
015d
01f6
01bf
01a9
00e2
00a7
0079
009e
0096
0094
0094
00ab
0096
0096
0097
008d
0071
0066
005f
0069
0059
0050
0074
0069
005b
0064
005d
004d
0055
0043
0041
005f
0061
005b
0068
007a
0066
0071
0061
003f
002f
0000
0000
0000
0000
0000
0000
0000
0000
0000
0000
0000
0000
0000
0000
0000
0000
0000
0000
0000
0000
0000
0000
0000
0000
0000
0000
0000
0000
0000
0000
0000
0000
0000
0000
0000
001b
00a5
0186
021d
0260
020e
0182
00f5
0008
0000
0000
0000
0000
0000
0000
0000
0000
0000
0000
0000
0000
0000
0000
0000
0000
0000
0000
0000
0000
0000
0000
0000
0000
0000
0000
0000
0000
0000
0000
0000
0000
0000
0000
0000
0000
