10.875000
13.140625
15.593750
12.390625
4.828125
3.937500
4.109375
7.109375
9.734375
8.203125
5.781250
5.015625
5.421875
6.531250
7.531250
8.093750
3.703125
0.578125
7.140625
5.234375
6.984375
24.656250
33.421875
36.968750
33.562500
19.671875
10.218750
7.562500
7.937500
6.171875
4.281250
2.062500
1.671875
0.000000
2.031250
8.359375
15.109375
19.562500
18.078125
8.500000
6.343750
4.687500
1.812500
0.000000
0.000000
1.250000
4.062500
4.906250
3.171875
0.000000
0.000000
2.046875
3.140625
3.140625
6.765625
12.265625
16.500000
8.046875
7.109375
4.500000
7.171875
1.187500
2.546875
0.000000
4.046875
0.000000
0.000000
0.000000
0.000000
0.000000
1.328125
4.421875
3.437500
4.343750
4.984375
5.328125
11.187500
6.156250
0.000000
0.000000
0.000000
0.000000
0.000000
0.000000
0.000000
0.000000
0.000000
0.000000
0.000000
0.000000
0.000000
0.000000
0.000000
0.000000
0.000000
0.000000
0.000000
0.000000
0.000000
1.328125
6.187500
10.125000
20.421875
9.078125
0.000000
0.000000
0.000000
0.000000
0.000000
0.000000
0.000000
0.000000
0.000000
0.000000
0.000000
0.000000
2.500000
0.000000
0.000000
0.000000
2.687500
3.343750
5.953125
0.140625
0.000000
0.000000
0.000000
0.000000
1.765625
0.000000
0.000000
0.000000
0.000000
0.000000
0.000000
0.000000
0.000000
0.000000
5.578125
17.953125
10.125000
14.000000
20.515625
22.125000
18.703125
11.578125
2.187500
0.000000
0.000000
0.000000
0.000000
0.000000
0.000000
0.000000
0.000000
1.671875
0.812500
6.218750
7.406250
3.828125
1.046875
2.109375
3.234375
2.562500
9.625000
12.687500
12.343750
9.875000
11.250000
9.531250
11.015625
14.250000
14.703125
12.687500
12.078125
4.296875
2.953125
1.734375
0.000000
0.000000
0.000000
0.000000
4.062500
8.171875
11.687500
7.156250
3.562500
5.218750
7.296875
11.421875
13.265625
12.828125
10.921875
6.593750
8.812500
11.046875
5.140625
4.593750
3.968750
2.921875
0.000000
0.000000
0.000000
0.000000
0.000000
0.000000
0.000000
0.000000
0.000000
0.000000
0.000000
0.000000
0.000000
0.000000
0.000000
0.000000
0.000000
0.000000
0.000000
0.000000
0.000000
0.000000
0.000000
0.000000
0.000000
0.000000
0.000000
0.000000
0.000000
0.000000
0.000000
0.000000
0.000000
0.000000
0.000000
0.000000
0.000000
0.000000
0.000000
0.000000
0.000000
0.000000
0.000000
0.000000
0.000000
0.000000
0.000000
0.000000
0.000000
0.000000
0.000000
0.000000
0.000000
0.000000
0.000000
0.000000
0.000000
0.000000
0.000000
0.000000
0.000000
0.000000
0.000000
0.000000
0.000000
0.000000
0.000000
0.000000
0.000000
0.000000
0.000000
0.000000
0.000000
0.000000
0.000000
0.000000
0.000000
0.000000
0.000000
0.000000
6.515625
9.546875
11.296875
10.406250
7.750000
7.515625
8.171875
7.437500
8.125000
8.328125
7.578125
7.968750
8.578125
8.250000
7.671875
10.250000
15.187500
19.750000
29.250000
33.171875
33.265625
34.265625
36.203125
36.171875
29.421875
14.390625
4.265625
4.312500
5.593750
6.875000
6.921875
7.765625
6.265625
4.296875
6.578125
7.625000
15.187500
13.171875
15.875000
8.437500
7.359375
2.156250
0.000000
5.484375
11.562500
13.703125
11.265625
7.625000
3.734375
6.546875
12.546875
15.859375
15.328125
13.109375
14.765625
20.687500
44.734375
54.796875
75.234375
56.578125
49.000000
25.250000
16.203125
0.000000
0.000000
0.000000
4.656250
9.250000
15.312500
18.953125
15.109375
10.437500
13.062500
16.453125
14.968750
13.734375
11.359375
0.000000
0.000000
5.875000
0.000000
0.031250
1.531250
4.968750
3.343750
0.000000
0.000000
0.000000
0.000000
0.000000
1.734375
0.000000
0.000000
0.000000
0.000000
0.000000
0.000000
0.000000
0.000000
0.000000
0.000000
0.000000
3.921875
0.000000
0.000000
0.000000
0.000000
0.000000
0.000000
0.000000
0.000000
0.000000
0.000000
0.000000
0.000000
0.000000
0.000000
0.000000
0.000000
4.468750
0.000000
0.000000
0.000000
0.000000
0.000000
0.000000
0.000000
0.000000
0.000000
0.000000
0.000000
0.000000
0.000000
0.000000
0.000000
0.000000
0.000000
0.000000
0.000000
0.000000
0.000000
0.000000
0.000000
0.000000
0.000000
0.000000
0.000000
0.000000
0.000000
0.000000
0.000000
0.000000
0.000000
0.000000
0.000000
0.000000
0.000000
0.000000
0.000000
5.875000
4.968750
5.484375
5.859375
1.765625
0.000000
0.000000
0.031250
1.593750
4.671875
2.593750
0.000000
0.000000
0.000000
0.000000
0.000000
0.000000
0.000000
0.000000
0.000000
0.000000
15.875000
17.703125
16.250000
0.000000
3.390625
0.000000
0.000000
0.000000
0.000000
0.000000
0.000000
0.000000
0.000000
0.000000
0.000000
0.656250
6.937500
7.546875
13.546875
6.203125
8.375000
13.140625
14.609375
2.343750
0.000000
0.000000
1.515625
4.343750
3.218750
0.000000
0.000000
0.000000
0.000000
0.000000
0.000000
0.000000
0.000000
0.000000
0.000000
0.000000
11.562500
33.937500
45.031250
47.375000
32.718750
10.875000
2.375000
0.000000
0.000000
0.000000
0.000000
0.000000
0.000000
0.000000
0.000000
6.796875
10.734375
15.390625
7.375000
0.000000
0.000000
0.000000
0.000000
9.515625
14.984375
8.921875
3.546875
0.000000
0.000000
6.296875
13.609375
12.593750
7.875000
3.296875
7.171875
6.671875
4.531250
0.000000
0.000000
0.000000
0.000000
0.000000
0.000000
0.000000
0.000000
0.000000
1.328125
4.250000
7.109375
6.687500
0.281250
0.000000
0.000000
2.359375
3.359375
0.000000
0.000000
0.000000
0.000000
12.906250
13.875000
12.062500
0.000000
0.000000
0.000000
0.000000
0.187500
0.000000
0.000000
0.000000
0.000000
0.000000
0.000000
0.000000
0.000000
0.000000
0.000000
0.000000
0.000000
10.828125
31.484375
32.500000
58.890625
42.890625
0.000000
0.000000
0.000000
0.000000
0.000000
0.000000
0.000000
0.000000
0.000000
0.000000
0.000000
6.281250
17.546875
2.984375
0.000000
5.171875
8.328125
7.093750
4.828125
1.953125
0.000000
3.234375
10.203125
11.031250
5.296875
2.296875
0.000000
3.656250
8.625000
11.937500
14.203125
20.296875
28.890625
8.390625
0.000000
0.000000
0.000000
0.000000
0.000000
0.000000
9.015625
0.734375
0.000000
0.000000
0.000000
0.000000
0.000000
0.000000
0.000000
0.000000
0.000000
8.343750
14.359375
6.921875
3.578125
0.000000
7.437500
3.421875
2.390625
7.140625
10.656250
13.250000
9.609375
4.671875
2.984375
6.953125
8.718750
11.515625
12.203125
12.000000
8.125000
8.078125
20.421875
24.906250
43.656250
20.890625
0.000000
23.562500
11.890625
11.015625
16.625000
23.125000
11.093750
5.500000
7.703125
6.218750
1.250000
2.718750
6.453125
8.921875
11.250000
13.687500
7.953125
4.593750
7.500000
8.984375
5.265625
0.000000
0.000000
0.000000
0.000000
4.390625
12.031250
9.578125
2.765625
2.156250
3.875000
6.375000
9.703125
12.781250
14.187500
8.296875
0.000000
0.000000
16.312500
13.937500
23.906250
32.312500
15.921875
0.156250
0.000000
0.000000
0.000000
1.187500
9.218750
12.046875
11.578125
9.687500
7.015625
11.406250
16.406250
20.453125
13.828125
0.000000
0.000000
0.000000
0.000000
0.000000
0.000000
0.000000
0.000000
0.000000
0.000000
0.000000
0.000000
0.000000
0.000000
0.000000
0.000000
0.000000
0.000000
0.000000
0.000000
0.000000
0.000000
0.000000
11.453125
0.000000
0.000000
0.000000
0.000000
0.000000
0.000000
0.000000
0.000000
0.000000
0.000000
0.000000
0.000000
0.000000
0.000000
0.000000
0.000000
0.000000
0.000000
0.000000
5.875000
10.078125
11.671875
12.296875
7.296875
5.625000
3.046875
2.281250
5.625000
7.500000
7.140625
6.093750
3.437500
0.968750
0.000000
0.000000
0.000000
0.000000
0.000000
0.000000
34.375000
48.546875
54.468750
52.546875
51.812500
23.656250
16.281250
14.718750
11.703125
10.093750
9.703125
6.500000
3.859375
5.406250
6.218750
4.875000
6.390625
6.406250
10.734375
9.015625
0.000000
0.000000
4.937500
1.546875
0.000000
0.000000
0.000000
0.000000
0.000000
1.031250
0.812500
0.000000
0.000000
0.000000
0.000000
0.000000
0.000000
0.000000
0.000000
0.000000
0.000000
14.218750
0.000000
13.515625
12.796875
0.000000
0.390625
4.546875
3.843750
4.656250
6.453125
7.953125
2.203125
0.000000
0.000000
0.000000
0.000000
0.000000
4.906250
0.000000
1.718750
3.656250
0.000000
0.000000
0.015625
1.515625
0.000000
0.000000
0.000000
0.000000
0.000000
1.125000
0.750000
0.000000
0.000000
10.828125
35.187500
39.968750
33.484375
14.296875
0.000000
0.000000
0.000000
0.000000
0.000000
0.000000
0.000000
1.359375
0.000000
0.000000
1.406250
1.500000
1.437500
3.375000
4.781250
1.234375
0.000000
0.000000
0.000000
0.000000
16.828125
6.296875
6.187500
1.703125
2.656250
7.656250
1.562500
0.000000
0.000000
0.000000
0.000000
0.000000
0.250000
0.000000
0.000000
0.000000
0.000000
0.000000
0.000000
0.000000
0.000000
0.000000
0.000000
21.578125
30.296875
16.671875
0.000000
0.000000
0.000000
0.000000
0.000000
0.000000
0.000000
0.000000
0.000000
6.796875
0.000000
0.000000
2.250000
0.000000
16.421875
14.093750
11.046875
0.000000
0.000000
0.000000
0.000000
0.000000
0.000000
0.000000
0.000000
0.000000
0.000000
0.000000
0.000000
0.000000
0.000000
0.000000
0.000000
0.000000
0.000000
48.781250
58.078125
65.281250
65.765625
32.953125
0.000000
0.000000
0.000000
0.000000
0.000000
0.000000
0.000000
0.000000
0.000000
5.562500
10.812500
14.359375
11.765625
0.000000
0.000000
0.000000
0.000000
4.359375
8.437500
5.781250
0.000000
0.000000
0.000000
0.000000
0.000000
3.093750
0.968750
0.000000
0.000000
21.140625
13.500000
23.234375
16.171875
5.687500
20.875000
34.296875
23.734375
36.890625
26.390625
16.296875
1.453125
0.000000
0.000000
0.000000
0.000000
0.000000
0.000000
6.031250
11.375000
1.875000
0.000000
0.000000
0.000000
0.000000
15.281250
13.390625
18.515625
26.812500
25.046875
17.828125
9.312500
9.671875
15.437500
20.750000
21.593750
15.765625
5.375000
4.421875
0.000000
0.000000
0.000000
0.000000
0.000000
0.000000
0.000000
10.562500
23.890625
23.890625
38.953125
16.187500
47.953125
20.500000
5.875000
2.093750
0.000000
0.000000
0.000000
0.000000
4.046875
11.953125
15.484375
10.921875
30.421875
29.968750
0.000000
0.015625
0.000000
3.968750
3.203125
0.000000
0.000000
0.000000
0.000000
0.000000
0.000000
0.000000
0.000000
0.000000
0.000000
0.000000
0.000000
0.000000
0.000000
19.484375
33.093750
27.281250
30.859375
23.703125
6.453125
22.531250
10.390625
3.812500
5.703125
3.218750
2.968750
1.296875
1.859375
2.671875
0.000000
0.000000
0.203125
0.000000
0.000000
11.203125
10.093750
8.625000
16.015625
16.921875
16.578125
6.203125
0.000000
0.000000
0.000000
4.343750
6.312500
1.109375
0.000000
0.000000
0.109375
0.000000
0.000000
0.000000
0.000000
0.000000
0.000000
23.281250
20.343750
42.125000
43.781250
47.484375
41.625000
12.296875
3.578125
0.000000
0.000000
0.000000
0.000000
1.968750
4.500000
0.000000
0.000000
0.421875
6.703125
7.296875
0.000000
0.000000
0.000000
0.000000
7.859375
11.312500
5.781250
4.437500
3.703125
8.062500
16.984375
19.046875
17.203125
19.015625
20.140625
35.453125
33.453125
54.234375
65.093750
60.828125
72.203125
38.437500
12.890625
0.000000
0.000000
0.000000
0.000000
6.421875
15.500000
16.234375
15.000000
14.765625
19.218750
30.953125
37.828125
19.765625
2.437500
0.000000
0.000000
0.000000
9.828125
2.843750
3.359375
0.000000
4.421875
10.203125
10.921875
10.375000
10.250000
11.750000
15.953125
18.218750
23.687500
28.046875
32.515625
30.062500
22.828125
7.296875
0.000000
0.000000
1.406250
36.640625
36.625000
0.000000
0.000000
0.000000
0.000000
0.000000
2.390625
6.062500
5.156250
4.031250
4.343750
7.750000
20.687500
26.515625
12.578125
5.484375
0.000000
0.000000
5.781250
5.093750
2.078125
0.000000
0.000000
7.453125
14.937500
12.640625
8.500000
2.218750
1.468750
6.000000
9.015625
12.171875
11.812500
13.421875
21.218750
41.171875
32.218750
24.421875
0.000000
7.593750
2.421875
2.937500
18.234375
2.265625
5.750000
13.203125
12.843750
16.953125
20.515625
18.359375
10.437500
3.031250
0.000000
13.296875
15.796875
6.984375
1.500000
0.000000
0.000000
0.000000
0.515625
3.375000
2.484375
0.000000
8.750000
21.078125
21.156250
15.687500
10.328125
3.343750
2.171875
9.359375
9.703125
30.046875
22.078125
37.984375
48.921875
65.281250
31.781250
0.000000
0.000000
0.000000
0.000000
0.000000
0.000000
6.812500
14.718750
21.937500
22.843750
18.515625
11.500000
7.359375
0.000000
0.640625
13.265625
12.703125
8.593750
14.328125
