0005
0000
0000
0000
0000
0000
0000
0000
0000
0000
0000
0000
0000
0000
0000
0000
0000
0000
0000
0000
0001
0000
0000
0000
0000
0000
0000
0000
0000
0000
0000
0000
0000
0000
0000
0000
0000
0000
0000
0000
0000
0000
0000
0000
0000
0000
0000
0000
0000
0000
0000
0000
0000
0000
0000
0000
0000
0000
0000
0000
0000
0000
0000
0000
0000
0000
0000
0000
0000
0000
0000
0000
0000
0000
0000
0000
0000
0000
0000
0000
0000
0000
0000
0007
0009
0008
0006
0000
0001
0002
0001
0000
0002
0000
0000
0000
0001
0000
0000
0000
0000
0000
0000
0000
0001
0000
0000
0000
0000
0000
0001
0000
0000
0000
0000
0000
0000
0000
0000
0000
0000
0000
0000
0000
0000
0000
0000
0000
0000
0000
0000
0000
0000
0000
0000
0000
0000
0000
0000
0000
0000
0000
0000
0000
0000
0000
0000
0000
0000
0000
0000
0000
0000
0000
0000
0000
0000
0000
0000
0000
000b
0007
0009
0009
0008
0008
0009
0009
0008
0009
0007
0008
0008
0006
0006
0006
0006
0006
0006
0006
0007
0006
0007
0007
0007
0006
0007
0009
0009
0009
0009
0008
000a
000a
0007
0009
0009
0007
0009
0009
0007
0009
0008
0005
0006
0007
0006
0007
0007
0006
0006
0007
0007
0009
0007
0006
0007
0008
0006
0007
0006
0006
0006
0006
0006
0005
0004
0004
0004
0001
0000
0000
0000
0000
0000
0000
0000
0000
0000
0000
0000
0000
0000
0005
0010
0011
0011
000e
000f
0012
0012
0012
0014
0013
0012
0012
0012
0010
0010
0010
0010
000f
0010
0010
0012
0011
0010
0010
000f
000c
000e
000c
000b
000b
0009
0007
0008
0006
0005
0006
0007
0006
0007
0004
0004
0003
0003
0003
0004
0003
0001
0003
0004
0002
0003
0001
0001
0003
0003
0001
0002
0002
0002
0004
0006
0007
0008
0007
0007
0007
0007
0007
0007
0006
0005
0004
0003
0003
0003
0000
000a
0006
0006
0005
0004
0004
0003
0004
0004
0001
0003
0004
0002
0002
0002
0002
0003
0002
0002
0003
0003
0003
0004
0004
0003
0004
0005
0005
0006
0005
0004
0005
0006
0004
0004
0004
0002
0003
0003
0002
0005
0003
0001
0003
0002
0002
0003
0004
0003
0003
0003
0004
0005
0005
0003
0004
0003
0002
0003
0003
0002
0003
0002
0002
0002
0002
0001
0002
0000
0000
0000
0000
0000
0000
0000
0000
0000
0000
0000
0000
0005
0013
0021
0029
0023
0016
000c
0008
000a
0009
0008
0009
0009
0007
0007
0007
0007
0006
0005
0005
0005
0005
0006
0007
0008
0004
0004
0004
0003
0004
0004
0003
0003
0001
0001
0001
0000
0000
0001
0003
0003
0003
0003
0002
0001
0002
0001
0003
0003
0000
0002
0003
0002
0002
0000
0001
0002
0003
0002
0002
0003
0003
0005
0006
0005
0006
0005
0004
0004
0004
0004
0004
0003
0002
0002
0002
0001
0003
0000
0000
0000
0000
0000
0000
0000
0000
0000
0000
0000
0000
0000
0000
0000
0000
0000
0000
0000
0000
0000
0000
0000
0000
0000
0000
0000
0000
0000
0000
0000
0000
0000
0000
0000
0000
0000
0000
0000
0000
0000
0000
0000
0000
0000
0000
0000
0000
0000
0000
0000
0000
0000
0000
0000
0000
0000
0000
0000
0000
0000
0000
0000
0000
0000
0000
0000
0000
0000
0000
0000
0000
0003
0006
000e
0014
001f
0034
004a
004a
0049
0041
002e
0017
0001
0000
0000
0000
0000
0000
0000
0000
0000
0000
0000
0000
0000
0000
0000
0000
0000
0000
0000
0000
0000
0000
0000
0000
0000
0000
0000
0000
0000
0000
0000
0000
0000
0000
0000
0000
0000
0000
0000
0000
0000
0000
0000
0000
0000
0000
0000
0000
0000
0000
0000
0000
0000
0000
0000
0000
0000
0000
0000
0000
0000
0000
0000
0000
0000
0000
0000
0000
0000
0000
0000
0000
0000
0000
0000
0000
0000
0003
