0.000000
0.000000
0.000000
0.000000
0.109375
0.078125
0.046875
0.125000
0.000000
0.093750
0.093750
0.046875
0.031250
0.062500
0.000000
0.062500
0.000000
0.000000
0.046875
0.000000
0.000000
0.015625
0.046875
0.000000
0.031250
0.000000
0.015625
0.000000
0.046875
0.062500
0.093750
0.125000
0.031250
0.046875
0.156250
0.046875
0.062500
0.156250
0.046875
0.062500
0.078125
0.031250
0.046875
0.031250
0.015625
0.000000
0.046875
0.000000
0.000000
0.000000
0.015625
0.031250
0.031250
0.000000
0.000000
0.046875
0.015625
0.046875
0.078125
0.000000
0.000000
0.000000
0.000000
0.031250
0.046875
0.046875
0.031250
0.031250
0.000000
0.000000
0.046875
0.000000
0.000000
0.000000
0.000000
0.000000
0.000000
0.000000
0.000000
0.000000
0.000000
0.000000
0.281250
0.500000
0.328125
0.312500
0.328125
0.375000
0.343750
0.203125
0.203125
0.343750
0.328125
0.265625
0.296875
0.328125
0.281250
0.328125
0.343750
0.281250
0.250000
0.281250
0.265625
0.296875
0.203125
0.296875
0.312500
0.250000
0.250000
0.328125
0.218750
0.234375
0.218750
0.125000
0.203125
0.156250
0.062500
0.078125
0.078125
0.062500
0.000000
0.062500
0.031250
0.000000
0.031250
0.000000
0.000000
0.000000
0.000000
0.000000
0.031250
0.000000
0.000000
0.000000
0.000000
0.000000
0.000000
0.000000
0.000000
0.000000
0.000000
0.000000
0.000000
0.000000
0.000000
0.000000
0.000000
0.031250
0.015625
0.015625
0.015625
0.031250
0.000000
0.015625
0.015625
0.000000
0.031250
0.000000
0.000000
0.046875
0.453125
0.718750
0.500000
0.234375
0.171875
0.156250
0.078125
0.062500
0.015625
0.046875
0.000000
0.000000
0.000000
0.000000
0.000000
0.000000
0.015625
0.078125
0.093750
0.000000
0.078125
0.109375
0.156250
0.171875
0.281250
0.250000
0.250000
0.203125
0.187500
0.218750
0.187500
0.171875
0.171875
0.156250
0.062500
0.046875
0.078125
0.015625
0.000000
0.000000
0.000000
0.000000
0.000000
0.000000
0.062500
0.031250
0.093750
0.093750
0.125000
0.125000
0.187500
0.140625
0.156250
0.109375
0.062500
0.031250
0.031250
0.046875
0.046875
0.046875
0.062500
0.000000
0.000000
0.000000
0.000000
0.000000
0.000000
0.000000
0.000000
0.000000
0.000000
0.000000
0.000000
0.000000
0.000000
0.000000
0.000000
0.000000
0.000000
0.000000
0.281250
0.718750
1.093750
1.265625
1.375000
1.593750
1.421875
1.078125
0.703125
0.484375
0.437500
0.312500
0.203125
0.140625
0.000000
0.000000
0.000000
0.000000
0.000000
0.000000
0.031250
0.109375
0.046875
0.031250
0.000000
0.000000
0.000000
0.000000
0.000000
0.000000
0.000000
0.000000
0.000000
0.000000
0.000000
0.000000
0.000000
0.000000
0.000000
0.000000
0.000000
0.000000
0.000000
0.000000
0.000000
0.000000
0.015625
0.000000
0.000000
0.031250
0.015625
0.000000
0.000000
0.000000
0.031250
0.031250
0.000000
0.078125
0.156250
0.187500
0.218750
0.390625
0.406250
0.437500
0.343750
0.281250
0.265625
0.203125
0.140625
0.140625
0.109375
0.046875
0.015625
0.000000
0.000000
0.000000
0.000000
0.000000
0.000000
0.000000
