0.000000
0.000000
0.203125
0.968750
1.171875
0.937500
1.250000
1.234375
1.062500
0.578125
0.750000
0.421875
0.109375
0.156250
0.437500
0.468750
0.671875
1.062500
1.046875
0.937500
1.109375
1.156250
0.859375
0.937500
0.968750
0.890625
0.906250
1.343750
1.562500
0.984375
1.140625
1.437500
0.921875
0.578125
1.718750
1.984375
0.984375
0.859375
1.312500
1.625000
1.093750
0.000000
0.000000
0.000000
0.000000
0.000000
0.000000
0.000000
0.250000
0.593750
0.765625
0.687500
0.656250
0.671875
0.359375
0.093750
0.046875
0.203125
0.359375
0.593750
1.437500
1.562500
1.218750
1.390625
1.484375
1.109375
1.593750
1.437500
0.812500
0.562500
0.187500
0.000000
0.000000
0.671875
1.328125
1.218750
1.453125
1.140625
0.890625
0.546875
2.093750
1.546875
2.218750
2.656250
2.468750
2.390625
2.734375
2.656250
2.515625
2.234375
2.234375
2.328125
2.343750
2.078125
2.015625
2.093750
2.062500
2.031250
2.203125
2.578125
2.687500
2.703125
2.750000
2.578125
2.390625
2.156250
2.109375
2.171875
2.390625
2.515625
2.531250
2.406250
2.390625
2.484375
2.515625
2.375000
4.296875
5.218750
9.625000
10.781250
4.796875
0.000000
0.031250
0.000000
1.562500
4.062500
3.328125
2.859375
2.968750
3.296875
3.109375
2.937500
2.921875
3.046875
3.531250
3.937500
3.796875
3.703125
3.578125
3.093750
2.531250
2.078125
2.343750
2.500000
2.343750
2.359375
2.687500
2.671875
2.546875
2.093750
1.687500
1.640625
1.937500
2.437500
1.921875
2.000000
2.078125
2.000000
1.718750
1.140625
0.375000
2.562500
4.281250
6.781250
7.890625
7.625000
7.234375
6.968750
7.062500
6.703125
5.843750
5.671875
6.031250
6.515625
6.656250
7.343750
7.906250
8.078125
8.109375
7.890625
7.437500
6.906250
6.765625
6.890625
7.109375
7.406250
7.656250
7.312500
7.218750
7.656250
7.500000
6.843750
5.937500
4.421875
2.734375
1.625000
3.062500
0.000000
0.578125
2.687500
10.921875
12.281250
4.703125
1.390625
2.796875
7.781250
10.765625
11.515625
11.156250
11.734375
12.093750
12.578125
12.015625
11.046875
9.921875
9.218750
7.875000
6.468750
6.250000
6.750000
6.968750
6.531250
6.062500
6.234375
6.140625
5.500000
4.750000
4.328125
3.968750
3.406250
2.484375
2.093750
1.921875
3.875000
6.250000
7.031250
6.984375
6.265625
4.453125
2.265625
1.125000
0.609375
0.359375
0.625000
0.671875
0.734375
0.687500
0.578125
0.609375
0.656250
0.531250
0.562500
0.375000
0.375000
0.468750
0.546875
0.593750
0.609375
0.593750
0.718750
0.750000
0.609375
0.593750
0.562500
0.531250
0.593750
0.546875
0.640625
0.687500
0.671875
0.578125
0.687500
0.640625
0.515625
0.453125
0.375000
0.000000
4.640625
7.234375
3.656250
2.734375
10.281250
18.656250
11.609375
0.000000
0.171875
0.656250
0.765625
0.843750
0.828125
0.750000
0.781250
0.812500
0.875000
0.828125
0.875000
0.781250
0.750000
0.625000
0.687500
0.593750
0.671875
0.578125
0.531250
0.546875
0.687500
0.546875
0.593750
0.515625
0.375000
0.656250
1.015625
0.312500
0.390625
0.609375
0.640625
0.640625
0.765625
0.437500
0.890625
