0075
00e0
017e
0167
0138
00e2
00c3
00a1
008b
0076
0074
0084
00a2
00ac
00cc
00db
00ed
00e4
00d9
00c3
00b7
00b2
00b0
00b5
00ae
00ba
00d6
00dc
00ca
00c0
0092
0051
0024
001f
0006
0000
0015
0006
0000
001d
0047
0062
0025
0000
0189
0200
01b4
0163
0141
013c
0112
00e1
00c0
00a9
0085
007f
006e
007a
0092
009e
00a4
00a2
009d
0099
008e
0068
005e
0022
000f
0005
0006
002f
00c7
013c
0150
0108
007e
001d
0017
0000
0033
0057
0032
0023
0010
0013
0009
000d
0010
0010
0014
001c
0029
0033
0028
002a
002d
0024
0012
0017
000d
0009
000b
0011
001d
0024
0023
0019
000d
000f
0015
000a
0001
000f
0005
0013
010e
0169
0103
0184
019f
0172
010f
00c1
00a2
0068
0051
0035
0026
002d
002a
0035
002b
0026
0020
0019
001b
000c
0005
000e
000f
0001
0007
0013
000c
000a
0002
0000
0004
0013
0022
003b
0043
0029
0022
0018
000f
0005
0007
0000
0040
0000
0000
0000
0000
0000
0000
0000
0000
0000
0000
0000
0000
0000
0000
0000
0000
0000
0000
0000
0000
0000
0000
0000
0000
0000
0000
0000
0000
0000
0000
0000
0000
0000
0000
0082
01c1
02f2
037a
054a
05f8
045e
02f3
00e4
0000
0000
0000
0000
0000
0000
0000
0000
0000
0000
0000
0000
0000
0000
0000
0000
0000
0000
0000
0000
0000
0000
0000
0000
0012
005f
0043
0000
0000
0000
0000
0000
0000
0000
0003
003a
003e
0031
0000
0000
0000
0008
0031
0020
0013
0000
0000
0000
0000
0000
0000
0000
000e
0019
002e
003d
0038
0025
0010
0004
0000
0000
0000
0006
001e
001f
0002
0000
0000
0000
0000
0000
002b
0052
00b0
012b
0139
012f
0204
03c6
0408
0265
0043
0076
0088
0088
0067
0042
003c
0051
0076
0084
007c
0057
005a
004e
0035
0018
0023
002b
0024
0000
0000
0000
0000
0000
001c
0068
007c
0051
0000
0000
0000
0000
0000
0003
