0000
0000
0000
0000
0000
0000
0000
0000
0000
0000
0000
0000
0000
0000
0000
0000
0000
0000
0000
0000
0000
0000
0000
0000
0000
0000
0000
0000
0000
0000
0000
0000
0000
0015
002d
002d
0038
0075
0075
0075
0065
0031
0000
0000
0000
0000
0000
0000
0000
0000
0000
0000
0000
0000
0000
0000
0000
0000
0000
0000
0000
0000
0000
0000
0000
0000
0000
0000
000a
000a
000a
0003
0000
0000
0000
0000
0000
0000
0022
0022
000d
000d
000d
0000
0000
0000
0000
0000
0000
0000
0000
0000
0000
0000
0000
0000
0000
0000
0000
0000
0000
0000
0000
0000
0000
0000
0000
0000
0000
0000
0000
0000
0000
0004
0004
0019
0063
0063
0063
0057
0057
00a3
00a3
00a3
0030
0008
0000
0000
0000
0000
0000
0000
0000
0000
0000
0000
0000
0000
0000
0000
0000
0000
0000
0000
0000
0000
0000
0000
0000
0000
0000
0000
0000
0000
0000
0000
0000
0000
0000
0000
0026
0046
0065
0074
0074
0074
006f
006f
0067
0061
0058
0058
0043
0046
004e
0059
005e
006c
0073
0073
0073
006f
0064
0062
005d
005e
005e
0060
0061
006d
006d
006d
0066
0061
005e
0032
000b
0000
0000
0000
0000
0000
0000
0000
005c
0075
0098
00a0
00a0
00a0
0098
00a6
00a6
00a6
0094
008e
008d
007e
0069
0070
0070
0070
005e
005e
0059
0054
0051
004d
0042
003b
0023
001a
003a
0044
0063
0064
0068
0068
0068
004f
00e0
010a
010e
010e
010e
010e
00fb
00e8
00d0
00ca
00c3
00b1
00c1
00d2
00de
00fb
010d
010f
010f
010f
010f
00f7
00d9
00c1
00ca
00e2
00e7
00e7
00e7
00e7
00e7
00e7
00d8
00c3
009e
0061
0033
0033
0033
0031
0077
00e0
013b
0166
01b7
01ef
01f1
01f1
01f1
01d0
01bd
01cd
01cd
01cd
01b1
018e
016d
0148
0109
00d9
00ce
00cd
00b9
00a6
00a6
00a3
009b
007d
0061
003c
0043
0083
00b6
00c4
00d5
00d5
00d5
00d4
00c6
0091
0000
0001
0005
0015
0015
0018
0018
0018
0012
0018
0018
0018
000c
000a
000a
000a
000b
000b
000b
0014
0017
0017
0017
0013
0013
0013
001b
001b
001b
0019
0022
0022
0022
0031
0031
0031
0037
0054
0068
0068
0068
0046
0000
0000
0000
0000
0000
0000
0000
0000
0000
0000
0000
0000
0000
0003
0006
0006
0006
001e
0021
0021
0021
001f
001f
002a
002a
002a
0024
0024
0024
000c
0012
0012
0013
0021
0021
0021
0023
0023
0000
0000
0000
0000
0000
0000
0000
0000
0000
0000
0000
0000
0000
0000
0000
0000
0000
0000
0000
0000
0000
0000
0000
0000
0000
0000
0000
0000
0000
0000
0000
0000
0000
0000
0000
0000
0000
0000
0000
0000
0000
0002
0002
0002
0000
0000
0000
0000
0000
0000
0000
0000
0000
0000
0000
0000
0000
0000
0000
0000
0000
0000
0000
0000
0000
0000
0000
0000
0000
0000
0000
0000
0000
0000
0000
0000
0000
0000
0000
0000
0026
0029
0029
0029
0024
001d
001a
0017
0018
0018
0018
000d
001a
001a
001c
0025
0025
0025
0021
0021
001e
001b
0015
0016
001d
0025
0025
0025
0020
0023
0023
0023
0018
0010
000c
0000
0000
0025
00ac
00e9
00f7
00f7
00f7
00a3
0059
003a
0034
0034
0024
001c
002f
002f
002f
0025
001d
001b
001b
000e
001b
001b
001b
001b
001b
001b
001c
001c
001c
0010
000b
0003
0014
0024
0024
0027
0028
0028
0028
0020
0017
000a
0027
0027
0028
002b
002f
002f
002f
002c
002a
002a
002a
0024
0024
001e
0023
0026
0027
0027
002e
0030
0030
0030
0027
0026
0026
0026
0029
002c
002c
002c
002c
002c
002c
0029
0021
001d
0018
0000
002a
0063
0063
0063
003f
003f
0012
002a
0031
0036
0036
0036
0035
0034
0038
0038
0038
0038
0038
0032
0030
002c
002c
002b
002b
0025
002c
002c
002c
0026
0026
0021
0018
0014
0019
0027
0029
0029
0031
0031
0031
0021
0000
0000
0000
0000
0000
0000
0000
0000
0000
0000
0000
0000
0000
0000
0000
0000
0000
0000
0000
0000
0000
0000
0000
0000
0000
0000
0000
0000
0000
0000
0000
0000
0000
0000
0000
0000
0000
0000
0000
0000
0000
0000
0000
0000
0000
0000
0000
0000
0000
0000
0000
0000
0000
0000
0000
0000
0000
0000
0000
0000
0000
0000
0000
0000
0000
0000
0000
0000
0000
0000
0000
0000
0000
0000
0000
0000
0000
0000
0000
0000
0000
0000
0000
0000
0000
0000
0000
0000
0000
0000
0000
0000
0000
0000
0000
0000
0000
0000
0000
0000
0000
0000
0000
0000
0000
0000
0000
0000
0000
0000
0000
0000
0000
000d
0016
001d
0058
0058
0058
0028
0015
006d
006d
006d
0000
0000
0000
0000
0000
0000
0000
0000
0000
0000
0000
0000
0000
0000
0000
0000
0000
0000
0000
0000
0000
0000
0000
0000
0000
0001
0001
0001
0000
0000
0000
0000
0000
0000
000b
000b
000c
000c
000c
0000
0000
0000
0000
0000
0000
0000
0000
0000
0000
0000
0000
0000
0000
0000
0000
0000
0000
0000
0000
0000
0000
0000
0000
0000
0000
0000
0000
0000
0000
0000
0007
0007
004c
0094
00a3
00a8
00a8
00b4
00b4
00b4
0084
003b
0007
0000
0000
0000
0000
0000
0000
0000
0000
0000
0000
0000
0000
0000
0000
0000
0000
0000
0000
0000
0000
0000
0000
0006
0006
0006
0005
0005
0000
0000
0000
0000
000d
000d
0000
0000
0000
0000
0000
0000
0000
0000
0000
0000
0009
0009
0009
0000
0000
0000
0000
0000
0000
0000
0000
0000
0000
0000
0000
0000
0000
0000
0000
0000
0000
0000
0000
002d
004a
004a
0055
006d
00b7
00d5
00d5
00d5
007f
0049
000e
0000
0000
0000
0000
0000
0000
0000
0000
0000
0000
0000
0000
0000
0000
0000
0000
0000
0000
0000
0000
0000
0001
0008
001d
001d
001d
0014
0000
0000
0000
0000
0000
0001
003d
003d
0024
0024
002c
002c
002c
0022
0021
001b
0023
0023
0023
001c
0021
0021
0021
002a
002a
002a
0026
0026
0026
001d
0018
001c
0021
0029
0029
0029
0026
002b
002b
002b
001f
001f
001f
0015
0015
0015
001d
0047
0062
0062
0062
0025
0031
0031
0031
0031
002b
0028
0036
0036
0036
0032
0027
0027
0027
001e
001f
0026
0026
0026
001b
001b
001b
001a
001a
0019
000f
000f
0012
0024
0024
0024
0027
0027
0027
0024
001d
0017
0057
0057
0057
0032
0023
0013
0013
0010
0010
0014
001c
0029
0033
0033
0033
002d
002d
002d
0024
0017
0017
000d
0011
001d
0024
0024
0024
0023
0019
0015
0015
0015
000f
000f
0013
0061
0096
0103
0184
019f
019f
019f
0172
010f
00c1
00a2
0068
0051
0035
002d
0035
0035
0035
002b
0026
0020
001b
001b
000e
000f
000f
000f
0013
0013
0013
000c
000a
0004
0013
0022
003b
0043
0043
0043
0029
0022
0018
000f
0007
0007
000a
000a
0000
0000
0000
0000
0000
0000
0000
0000
0000
0000
0000
0000
0000
0000
0000
0000
0000
0000
0000
0000
0000
0000
0000
0000
0000
0000
0000
0000
0000
0000
0000
0000
0000
004b
00ba
0170
01f8
01f9
01f9
01f9
019d
00f7
0022
0000
0000
0000
0000
0000
0000
0000
0000
0000
0000
0000
0000
0000
0000
0000
0000
0000
0000
0000
0000
0000
0000
0000
0000
0000
0000
0000
0000
0000
0000
0000
0000
0000
0000
0000
003e
003e
0000
0000
0000
0000
0000
0000
0000
0000
0000
0000
0000
0000
0000
0000
0000
0000
0000
0000
0000
0000
0000
0000
0000
0000
0000
0000
0000
0000
0000
0000
0000
0000
0000
002b
0052
00b0
012b
0139
0139
0139
0104
0079
002b
0017
0000
0000
0000
0000
0000
0000
0000
0000
0000
0000
0000
0000
0000
0000
0000
0000
0000
0000
0000
0000
0000
0000
0000
001c
001c
001c
0018
0005
0000
0000
0000
0000
0000
0000
