1.406250
1.421875
1.468750
1.375000
1.187500
1.156250
1.140625
1.140625
1.109375
1.109375
1.062500
0.984375
0.953125
0.906250
0.875000
0.843750
0.890625
0.843750
0.781250
0.812500
0.796875
0.812500
0.875000
0.984375
1.015625
1.078125
1.093750
1.109375
1.140625
1.109375
1.125000
1.109375
1.156250
1.171875
1.203125
1.140625
1.156250
1.125000
1.062500
1.000000
0.984375
0.937500
0.921875
0.953125
0.843750
0.796875
0.781250
0.843750
0.890625
0.937500
0.906250
0.937500
0.968750
1.000000
0.953125
0.953125
0.937500
0.859375
0.828125
0.859375
0.859375
0.875000
0.828125
0.765625
0.781250
0.656250
0.609375
0.609375
0.593750
0.453125
0.453125
0.406250
0.453125
0.796875
1.281250
1.640625
1.843750
1.812500
1.875000
2.015625
2.109375
2.187500
2.156250
2.640625
3.062500
2.796875
2.546875
2.609375
2.593750
2.453125
2.343750
2.453125
2.390625
2.328125
2.296875
2.171875
2.140625
2.093750
1.984375
1.968750
2.031250
1.984375
1.953125
2.015625
2.031250
1.984375
1.937500
1.937500
1.812500
1.765625
1.671875
1.640625
1.562500
1.484375
1.390625
1.250000
1.140625
0.937500
0.843750
0.718750
0.750000
0.703125
0.703125
0.703125
0.671875
0.609375
0.609375
0.625000
0.609375
0.593750
0.531250
0.468750
0.421875
0.421875
0.406250
0.281250
0.265625
0.343750
0.375000
0.406250
0.562500
0.640625
0.718750
0.828125
0.937500
0.953125
0.906250
0.875000
0.828125
0.812500
0.765625
0.796875
0.750000
0.765625
0.703125
0.671875
0.609375
0.593750
0.453125
0.359375
0.859375
0.890625
0.875000
0.953125
0.859375
0.875000
0.890625
0.921875
0.921875
0.875000
0.812500
0.781250
0.687500
0.640625
0.609375
0.593750
0.562500
0.546875
0.546875
0.546875
0.562500
0.562500
0.593750
0.593750
0.640625
0.687500
0.734375
0.796875
0.843750
0.859375
0.875000
0.890625
0.906250
0.937500
0.984375
0.984375
0.984375
0.921875
0.875000
0.796875
0.812500
0.781250
0.687500
0.562500
0.546875
0.562500
0.562500
0.562500
0.578125
0.593750
0.625000
0.640625
0.703125
0.703125
0.703125
0.671875
0.640625
0.671875
0.609375
0.625000
0.562500
0.562500
0.578125
0.562500
0.515625
0.421875
0.390625
0.453125
0.515625
0.625000
0.609375
0.531250
0.671875
1.187500
1.734375
2.390625
2.984375
2.921875
2.968750
3.093750
3.062500
3.234375
3.171875
3.578125
3.578125
3.078125
2.515625
2.250000
2.125000
2.140625
2.125000
2.234375
2.281250
2.218750
2.203125
2.125000
2.078125
2.046875
1.968750
1.937500
1.875000
1.859375
1.843750
1.953125
1.968750
1.953125
1.890625
1.859375
1.812500
1.703125
1.625000
1.500000
1.406250
1.359375
1.296875
1.062500
0.890625
0.734375
0.609375
0.531250
0.500000
0.500000
0.500000
0.468750
0.421875
0.359375
0.312500
0.328125
0.312500
0.328125
0.296875
0.250000
0.187500
0.171875
0.125000
0.078125
0.046875
0.046875
0.046875
0.062500
0.125000
0.187500
0.218750
0.375000
0.500000
0.546875
0.593750
0.578125
0.531250
0.515625
0.531250
0.515625
0.515625
0.484375
0.468750
0.453125
0.437500
0.468750
0.484375
0.343750
0.203125
0.812500
0.531250
0.656250
0.718750
0.796875
0.859375
0.890625
0.937500
0.953125
0.843750
0.843750
0.859375
0.796875
0.750000
0.750000
0.671875
0.765625
0.578125
0.609375
0.703125
0.718750
0.578125
0.578125
0.625000
0.546875
0.640625
0.718750
0.796875
0.796875
0.796875
0.734375
0.781250
0.875000
0.843750
0.921875
0.984375
0.812500
0.843750
0.937500
0.921875
0.875000
0.812500
0.750000
0.656250
0.609375
0.609375
0.656250
0.718750
0.671875
0.687500
0.640625
0.734375
0.750000
0.796875
0.796875
0.843750
0.765625
0.671875
0.640625
0.781250
0.750000
0.812500
0.765625
0.703125
0.609375
0.578125
0.515625
0.578125
0.500000
0.140625
0.000000
0.000000
0.000000
0.000000
0.000000
0.000000
0.000000
0.000000
0.000000
0.000000
0.000000
0.000000
0.015625
0.406250
0.734375
0.765625
0.765625
0.812500
1.093750
1.421875
1.453125
1.531250
1.781250
1.781250
1.781250
1.734375
1.625000
1.593750
1.625000
1.609375
1.500000
1.375000
1.500000
1.625000
1.734375
1.593750
1.625000
1.562500
1.406250
1.265625
1.328125
1.265625
1.375000
1.125000
0.984375
0.843750
0.734375
0.593750
0.593750
0.671875
0.750000
0.640625
0.703125
0.546875
0.515625
0.515625
0.531250
0.562500
0.593750
0.437500
0.437500
0.484375
0.468750
0.390625
0.281250
0.187500
0.234375
0.250000
0.218750
0.125000
0.187500
0.093750
0.156250
0.265625
0.421875
0.562500
0.593750
0.578125
0.593750
0.609375
0.625000
0.656250
0.734375
0.703125
0.609375
0.562500
0.609375
0.546875
0.343750
0.171875
0.359375
0.671875
0.968750
1.125000
1.281250
1.437500
1.640625
1.531250
1.562500
1.500000
1.531250
1.515625
1.406250
1.281250
1.328125
1.250000
1.203125
1.265625
1.187500
1.250000
1.125000
1.078125
0.859375
0.890625
0.750000
0.921875
1.046875
1.109375
1.109375
1.078125
1.125000
1.203125
1.343750
1.453125
1.484375
1.546875
1.468750
1.515625
1.593750
1.593750
1.515625
1.437500
1.281250
1.250000
1.187500
1.187500
1.109375
1.203125
1.078125
1.109375
1.062500
1.171875
1.312500
1.375000
1.406250
1.359375
1.265625
1.218750
1.203125
1.343750
1.421875
1.453125
1.406250
1.343750
1.187500
1.125000
1.140625
1.109375
0.875000
0.421875
0.000000
0.000000
0.000000
0.000000
0.000000
0.000000
0.000000
0.000000
0.000000
0.000000
0.000000
0.000000
0.078125
0.250000
0.265625
0.265625
0.218750
0.500000
1.062500
1.515625
1.796875
2.046875
2.375000
2.484375
2.531250
2.453125
2.328125
2.281250
2.250000
2.093750
2.046875
2.015625
2.265625
2.390625
2.421875
2.312500
2.250000
2.156250
2.109375
2.000000
1.984375
1.937500
1.906250
1.718750
1.515625
1.375000
1.265625
1.125000
1.218750
1.343750
1.406250
1.312500
1.187500
1.125000
1.000000
1.031250
1.078125
1.078125
1.078125
1.015625
1.062500
1.078125
1.031250
0.906250
0.781250
0.671875
0.656250
0.546875
0.437500
0.140625
0.078125
0.031250
0.140625
0.406250
0.687500
0.859375
0.968750
1.031250
1.109375
1.203125
1.265625
1.343750
1.406250
1.343750
1.171875
1.140625
1.171875
0.953125
0.531250
0.312500
0.140625
0.078125
0.484375
0.718750
0.812500
0.875000
1.078125
1.093750
1.046875
1.046875
1.125000
1.078125
1.062500
0.984375
1.015625
1.000000
0.859375
0.906250
0.968750
1.031250
0.812500
0.843750
0.734375
0.671875
0.531250
0.625000
0.671875
0.765625
0.703125
0.765625
0.750000
0.734375
0.828125
0.953125
1.000000
1.031250
1.015625
1.078125
1.109375
1.093750
1.078125
1.078125
0.984375
0.984375
0.921875
0.968750
0.859375
0.890625
0.812500
0.765625
0.734375
0.750000
0.843750
0.890625
1.015625
1.031250
0.875000
0.859375
0.875000
0.875000
0.968750
1.031250
0.968750
1.046875
1.015625
0.906250
0.937500
1.015625
0.906250
0.812500
0.609375
0.312500
0.171875
0.078125
0.187500
0.250000
0.171875
0.109375
0.078125
0.000000
0.000000
0.000000
0.000000
0.000000
0.000000
0.046875
0.093750
0.093750
0.406250
0.656250
0.765625
1.000000
1.265625
1.421875
1.531250
1.640625
1.578125
1.500000
1.578125
1.437500
1.250000
1.234375
1.343750
1.500000
1.453125
1.406250
1.468750
1.406250
1.421875
1.437500
1.421875
1.359375
1.343750
1.250000
1.187500
1.234375
1.093750
0.968750
0.953125
1.000000
0.984375
0.968750
0.984375
0.921875
0.812500
0.781250
0.828125
0.843750
0.796875
0.796875
0.859375
0.921875
0.843750
0.812500
0.781250
0.796875
0.750000
0.609375
0.562500
0.375000
0.265625
0.093750
0.093750
0.203125
0.421875
0.500000
0.609375
0.687500
0.734375
0.796875
0.875000
0.906250
1.046875
1.031250
0.921875
0.921875
1.046875
0.968750
0.703125
0.343750
0.406250
0.640625
0.953125
0.937500
0.843750
1.015625
1.109375
1.078125
0.890625
0.843750
1.000000
0.921875
0.750000
0.734375
0.750000
0.796875
0.703125
0.593750
0.765625
0.843750
0.625000
0.562500
0.515625
0.437500
0.453125
0.671875
0.781250
0.859375
0.765625
0.656250
0.718750
0.906250
0.937500
1.015625
1.093750
0.906250
0.843750
1.015625
1.046875
1.000000
0.890625
0.828125
0.687500
0.640625
0.640625
0.640625
0.734375
0.734375
0.703125
0.640625
0.687500
0.843750
0.921875
0.984375
0.984375
0.812500
0.687500
0.609375
0.812500
0.921875
0.953125
0.937500
0.859375
0.687500
0.656250
0.593750
0.703125
0.593750
0.281250
0.000000
0.000000
0.000000
0.000000
0.000000
0.000000
0.000000
0.000000
0.000000
0.000000
0.078125
0.296875
0.515625
0.640625
1.359375
1.187500
0.406250
0.203125
0.687500
1.265625
1.375000
1.375000
1.640625
1.765625
1.703125
1.640625
1.468750
1.406250
1.359375
1.375000
1.281250
1.093750
1.203125
1.562500
1.718750
1.578125
1.406250
1.406250
1.312500
1.156250
1.187500
1.203125
1.250000
1.078125
0.937500
0.734375
0.625000
0.531250
0.531250
0.781250
0.968750
0.906250
0.781250
0.625000
0.578125
0.578125
0.625000
0.703125
0.781250
0.640625
0.609375
0.703125
0.703125
0.625000
0.375000
0.312500
0.312500
0.375000
0.296875
0.062500
0.046875
0.046875
0.078125
0.218750
0.390625
0.781250
0.796875
0.703125
0.703125
0.750000
0.828125
0.890625
1.000000
0.921875
0.796875
0.656250
0.718750
0.687500
0.515625
0.109375
0.218750
0.562500
1.062500
0.765625
0.312500
0.343750
0.250000
0.203125
0.125000
0.015625
0.125000
0.109375
0.000000
0.015625
0.015625
0.062500
0.156250
0.109375
0.125000
0.171875
0.031250
0.203125
0.296875
0.296875
0.250000
0.406250
0.359375
0.453125
0.406250
0.390625
0.359375
0.343750
0.343750
0.281250
0.312500
0.265625
0.109375
0.156250
0.109375
0.078125
0.109375
0.062500
0.000000
0.062500
0.046875
0.062500
0.078125
0.156250
0.218750
0.312500
0.250000
0.265625
0.312500
0.375000
0.250000
0.218750
0.171875
0.093750
0.171875
0.171875
0.140625
0.218750
0.156250
0.031250
0.062500
0.000000
0.000000
0.125000
0.296875
0.156250
0.218750
0.421875
0.859375
1.671875
2.265625
2.796875
4.187500
6.343750
7.984375
8.625000
8.656250
8.296875
7.656250
7.203125
5.921875
4.015625
3.031250
2.031250
1.375000
0.937500
0.578125
0.593750
0.437500
0.250000
0.125000
0.000000
0.000000
0.000000
0.000000
0.000000
0.000000
0.000000
0.093750
0.031250
0.015625
0.000000
0.000000
0.000000
0.000000
0.000000
0.000000
0.000000
0.000000
0.000000
0.000000
0.000000
0.000000
0.000000
0.000000
0.015625
0.125000
0.171875
0.125000
0.046875
0.078125
0.140625
0.140625
0.250000
0.203125
0.171875
0.187500
0.218750
0.156250
0.156250
0.156250
0.093750
0.109375
0.140625
0.312500
0.437500
0.390625
0.468750
0.640625
0.687500
0.765625
0.593750
0.546875
0.500000
0.406250
0.265625
0.265625
0.234375
0.171875
0.203125
0.140625
0.000000
0.031250
0.203125
0.046875
0.000000
0.000000
0.000000
0.000000
0.562500
0.281250
0.046875
0.078125
0.000000
0.000000
0.000000
0.000000
0.000000
0.000000
0.000000
0.000000
0.000000
0.000000
0.015625
0.000000
0.000000
0.000000
0.000000
0.000000
0.000000
0.000000
0.000000
0.000000
0.000000
0.000000
0.000000
0.062500
0.015625
0.046875
0.078125
0.000000
0.078125
0.031250
0.000000
0.046875
0.000000
0.000000
0.000000
0.000000
0.000000
0.000000
0.000000
0.000000
0.000000
0.000000
0.000000
0.000000
0.046875
0.000000
0.031250
0.000000
0.000000
0.000000
0.000000
0.000000
0.031250
0.000000
0.000000
0.000000
0.000000
0.000000
0.000000
0.000000
0.000000
0.000000
0.000000
0.046875
0.093750
0.218750
0.312500
0.484375
0.812500
1.156250
1.156250
1.140625
1.015625
1.093750
1.093750
1.000000
1.093750
1.546875
1.765625
1.968750
1.781250
1.015625
0.531250
0.250000
0.156250
0.343750
0.218750
0.109375
0.062500
0.046875
0.000000
0.000000
0.000000
0.000000
0.015625
0.125000
0.000000
0.000000
0.000000
0.000000
0.046875
0.046875
0.000000
0.000000
0.000000
0.000000
0.000000
0.000000
0.000000
0.000000
0.000000
0.000000
0.000000
0.000000
0.000000
0.000000
0.000000
0.000000
0.000000
0.000000
0.000000
0.000000
0.000000
0.000000
0.000000
0.000000
0.000000
0.000000
0.000000
0.000000
0.000000
0.000000
0.000000
0.000000
0.000000
0.062500
0.125000
0.078125
0.078125
0.031250
0.078125
0.093750
0.093750
0.000000
0.015625
0.000000
0.000000
0.000000
0.000000
0.000000
0.000000
0.000000
0.046875
