0.546875
0.609375
0.218750
0.171875
0.093750
0.156250
0.093750
0.078125
0.015625
0.046875
0.015625
0.031250
-0.015625
0.000000
0.015625
0.046875
0.015625
0.046875
0.000000
0.078125
0.125000
0.125000
0.109375
0.156250
0.203125
0.203125
0.250000
0.218750
0.187500
0.171875
0.171875
0.140625
0.187500
0.171875
0.093750
0.093750
0.062500
0.000000
0.093750
0.062500
0.000000
0.000000
-0.015625
0.000000
-0.015625
0.015625
0.093750
0.125000
0.171875
0.109375
0.156250
0.140625
0.187500
0.125000
0.078125
0.062500
0.078125
0.031250
0.078125
0.093750
0.125000
0.046875
0.031250
-0.046875
-0.015625
-0.046875
0.015625
0.046875
0.062500
-0.046875
0.078125
0.343750
0.578125
0.875000
1.328125
2.015625
2.765625
3.453125
3.468750
3.109375
3.218750
3.265625
3.203125
2.906250
2.171875
1.343750
0.781250
0.546875
0.390625
0.421875
0.343750
0.218750
0.171875
0.125000
-0.015625
-0.078125
-0.062500
-0.062500
0.000000
0.015625
0.015625
0.046875
0.046875
0.109375
0.078125
0.031250
-0.046875
-0.015625
-0.093750
-0.109375
-0.109375
-0.031250
-0.015625
-0.031250
-0.203125
-0.125000
-0.109375
-0.078125
-0.015625
0.093750
0.093750
0.031250
-0.031250
0.046875
0.031250
0.093750
0.093750
0.109375
0.078125
0.062500
0.031250
0.062500
0.031250
0.000000
-0.015625
-0.015625
0.078125
0.171875
0.187500
0.203125
0.203125
0.343750
0.312500
0.328125
0.328125
0.265625
0.234375
0.171875
0.109375
0.125000
0.125000
0.093750
0.062500
0.062500
-0.015625
-0.031250
0.046875
0.062500
-0.093750
-0.046875
0.265625
0.093750
0.281250
0.609375
0.578125
0.625000
0.765625
0.781250
0.906250
0.718750
0.703125
0.828125
0.765625
0.687500
0.687500
0.609375
0.687500
0.625000
0.500000
0.718750
0.687500
0.609375
0.515625
0.578125
0.390625
0.468750
0.468750
0.609375
0.625000
0.593750
0.578125
0.562500
0.671875
0.703125
0.718750
0.875000
0.750000
0.703125
0.828125
0.828125
0.765625
0.812500
0.671875
0.656250
0.609375
0.609375
0.593750
0.656250
0.609375
0.640625
0.562500
0.593750
0.578125
0.687500
0.734375
0.734375
0.765625
0.625000
0.546875
0.687500
0.671875
0.718750
0.765625
0.687500
0.640625
0.625000
0.562500
0.531250
0.671875
0.500000
0.281250
0.218750
-0.015625
-0.046875
0.046875
-0.359375
-0.718750
-0.781250
-0.921875
-1.078125
-1.328125
-1.218750
-1.109375
-0.781250
-0.031250
-0.062500
-0.156250
-0.140625
0.187500
0.718750
0.796875
0.843750
1.078125
1.171875
1.250000
1.218750
1.234375
1.140625
1.125000
1.171875
1.109375
0.906250
1.015625
1.125000
1.296875
1.203125
1.093750
1.140625
1.062500
0.921875
1.046875
0.984375
0.937500
0.968750
0.781250
0.671875
0.671875
0.593750
0.562500
0.609375
0.734375
0.703125
0.687500
0.625000
0.546875
0.578125
0.515625
0.578125
0.625000
0.546875
0.500000
0.562500
0.578125
0.500000
0.453125
0.375000
0.390625
0.421875
0.343750
0.265625
0.265625
0.015625
0.062500
0.015625
0.265625
0.437500
0.484375
0.484375
0.562500
0.578125
0.593750
0.671875
0.703125
0.734375
0.703125
0.625000
0.531250
0.625000
0.578125
0.234375
