0.578125
0.859375
0.812500
0.875000
0.828125
0.828125
0.890625
0.890625
0.937500
0.875000
0.796875
0.828125
0.796875
0.750000
0.718750
0.640625
0.703125
0.687500
0.578125
0.640625
0.687500
0.687500
0.625000
0.718750
0.687500
0.718750
0.750000
0.796875
0.828125
0.859375
0.859375
0.812500
0.890625
0.906250
0.843750
0.968750
0.921875
0.812500
0.859375
0.875000
0.812500
0.843750
0.734375
0.703125
0.687500
0.625000
0.640625
0.687500
0.703125
0.718750
0.718750
0.734375
0.718750
0.781250
0.781250
0.765625
0.781250
0.703125
0.640625
0.718750
0.703125
0.718750
0.718750
0.703125
0.625000
0.593750
0.531250
0.484375
0.593750
0.484375
0.203125
0.140625
0.000000
0.015625
0.312500
0.218750
0.000000
0.000000
0.000000
0.000000
0.000000
0.234375
0.343750
0.593750
1.234375
1.500000
1.531250
1.406250
1.328125
1.531250
1.609375
1.593750
1.718750
1.750000
1.734375
1.687500
1.671875
1.593750
1.531250
1.562500
1.531250
1.453125
1.421875
1.484375
1.625000
1.546875
1.515625
1.500000
1.437500
1.296875
1.359375
1.265625
1.218750
1.234375
1.046875
0.921875
0.859375
0.718750
0.609375
0.625000
0.671875
0.656250
0.671875
0.625000
0.531250
0.531250
0.500000
0.500000
0.562500
0.515625
0.437500
0.421875
0.468750
0.406250
0.390625
0.296875
0.218750
0.312500
0.328125
0.312500
0.328125
0.328125
0.375000
0.390625
0.531250
0.625000
0.687500
0.656250
0.656250
0.640625
0.640625
0.656250
0.671875
0.687500
0.656250
0.593750
0.468750
0.562500
0.500000
0.125000
0.468750
0.421875
0.359375
0.328125
0.296875
0.328125
0.296875
0.328125
0.281250
0.250000
0.250000
0.265625
0.218750
0.203125
0.187500
0.218750
0.218750
0.218750
0.218750
0.281250
0.296875
0.281250
0.296875
0.312500
0.296875
0.296875
0.328125
0.359375
0.343750
0.343750
0.328125
0.328125
0.343750
0.328125
0.343750
0.328125
0.265625
0.265625
0.296875
0.281250
0.265625
0.250000
0.187500
0.187500
0.203125
0.218750
0.281250
0.296875
0.312500
0.296875
0.312500
0.296875
0.312500
0.296875
0.281250
0.265625
0.265625
0.234375
0.234375
0.265625
0.281250
0.234375
0.250000
0.187500
0.187500
0.187500
0.187500
0.187500
0.171875
0.015625
0.000000
0.000000
0.000000
0.000000
0.000000
0.000000
0.000000
0.000000
0.000000
0.000000
0.359375
0.953125
1.421875
1.687500
1.656250
1.312500
0.890625
0.609375
0.531250
0.562500
0.531250
0.531250
0.515625
0.468750
0.406250
0.375000
0.359375
0.343750
0.390625
0.375000
0.343750
0.343750
0.390625
0.453125
0.453125
0.421875
0.359375
0.343750
0.312500
0.281250
0.281250
0.296875
0.281250
0.234375
0.156250
0.125000
0.109375
0.109375
0.156250
0.234375
0.265625
0.265625
0.218750
0.187500
0.187500
0.218750
0.187500
0.234375
0.234375
0.203125
0.187500
0.218750
0.187500
0.171875
0.140625
0.125000
0.187500
0.250000
0.250000
0.250000
0.250000
0.281250
0.281250
0.312500
0.343750
0.375000
0.343750
0.312500
0.281250
0.296875
0.296875
0.296875
0.265625
0.250000
0.203125
0.156250
0.203125
0.171875
0.031250
0.000000
