0.000000
0.000000
0.000000
0.000000
0.000000
0.000000
0.000000
0.000000
0.000000
0.000000
0.000000
0.000000
0.000000
0.000000
0.000000
0.000000
0.000000
0.000000
0.000000
0.000000
0.000000
0.000000
0.000000
0.000000
0.000000
0.000000
0.000000
0.000000
0.000000
0.000000
0.000000
0.000000
0.000000
0.000000
0.000000
0.000000
2.703125
3.296875
0.000000
0.000000
0.000000
0.000000
0.000000
0.000000
0.000000
0.000000
0.000000
0.000000
0.000000
0.000000
0.000000
0.000000
0.000000
0.000000
0.000000
0.000000
0.000000
0.000000
0.000000
0.000000
0.000000
0.000000
0.000000
0.000000
0.000000
0.000000
0.000000
0.000000
0.000000
0.000000
0.000000
0.000000
0.000000
0.000000
0.000000
0.000000
0.000000
0.000000
0.000000
0.000000
0.000000
0.765625
0.000000
0.000000
0.000000
0.125000
0.765625
0.500000
0.296875
0.000000
0.000000
0.000000
0.000000
0.000000
0.000000
0.000000
0.218750
0.390625
0.718750
0.953125
0.875000
0.578125
0.250000
0.062500
0.000000
0.000000
0.000000
0.093750
0.468750
0.484375
0.031250
0.000000
0.000000
0.000000
0.000000
0.000000
0.000000
0.000000
0.000000
0.000000
0.000000
0.671875
6.171875
14.421875
15.765625
9.578125
1.046875
1.843750
2.125000
2.125000
1.609375
1.031250
0.937500
1.265625
1.843750
2.062500
1.937500
1.359375
1.406250
1.218750
0.828125
0.375000
0.546875
0.671875
0.562500
0.000000
0.000000
0.000000
0.000000
0.000000
0.000000
1.250000
1.859375
1.265625
0.000000
0.000000
0.000000
0.000000
0.000000
0.046875
