15.281250
13.390625
18.515625
26.812500
25.046875
17.828125
9.312500
9.671875
15.437500
20.750000
21.593750
15.765625
5.375000
4.421875
0.000000
0.000000
0.000000
0.000000
0.000000
0.000000
0.000000
10.562500
23.890625
23.890625
38.953125
16.187500
47.953125
20.500000
5.875000
2.093750
0.000000
0.000000
0.000000
0.000000
4.046875
11.953125
15.484375
10.921875
30.421875
29.968750
10.093750
8.625000
16.015625
16.921875
16.578125
6.203125
0.000000
0.000000
0.000000
4.343750
6.312500
1.109375
0.000000
0.000000
0.109375
0.000000
0.000000
0.000000
0.000000
0.000000
0.000000
23.281250
20.343750
42.125000
43.781250
47.484375
41.625000
12.296875
3.578125
0.000000
0.000000
0.000000
0.000000
1.968750
4.500000
0.000000
0.000000
0.421875
6.703125
7.296875
9.828125
2.843750
3.359375
0.000000
4.421875
10.203125
10.921875
10.375000
10.250000
11.750000
15.953125
18.218750
23.687500
28.046875
32.515625
30.062500
22.828125
7.296875
0.000000
0.000000
1.406250
36.640625
36.625000
0.000000
0.000000
0.000000
0.000000
0.000000
2.390625
6.062500
5.156250
4.031250
4.343750
7.750000
20.687500
26.515625
12.578125
5.484375
0.000000
0.000000
0.000000
0.000000
0.515625
3.375000
2.484375
0.000000
8.750000
21.078125
21.156250
15.687500
10.328125
3.343750
2.171875
9.359375
9.703125
30.046875
22.078125
37.984375
48.921875
65.281250
31.781250
0.000000
0.000000
0.000000
0.000000
0.000000
0.000000
6.812500
14.718750
21.937500
22.843750
18.515625
11.500000
7.359375
0.000000
0.640625
13.265625
12.703125
8.593750
14.328125
