0007
0008
0007
0007
0007
0008
0008
0007
0007
0007
0008
0007
0008
0008
0009
0009
0008
0007
0006
0007
0007
0007
0006
0007
0008
0007
0008
0008
0008
0008
0008
0008
0009
0009
0008
0008
0008
0008
0008
0007
0006
0006
0007
0008
0006
0006
0006
0007
0008
0007
0007
0007
0007
0007
0007
0007
0008
0008
0008
0008
0009
0009
0007
0006
0007
0006
0007
0007
0006
0002
0000
0000
0000
0000
0000
0000
0000
0000
0000
0000
0000
0000
0000
0000
0000
0007
0008
000b
000b
000c
000c
000b
000b
000c
000b
000a
000a
000b
000a
000a
000a
000b
000b
000b
000b
000a
000a
0009
0009
0009
0008
0009
000a
0009
0006
0008
0006
0007
0007
0008
0008
0006
0006
0008
0008
0008
0008
0008
0008
0007
0007
0007
0007
0006
0006
0005
0006
0006
0006
0008
0007
0008
0007
0007
0008
0007
0007
0007
0007
0007
0007
0007
0008
0009
0007
0007
0007
0006
0000
0000
