1.828125
2.640625
3.156250
3.500000
3.484375
2.937500
2.484375
2.484375
2.843750
3.281250
3.484375
3.796875
3.234375
3.140625
3.515625
2.984375
2.156250
2.203125
2.812500
1.156250
4.640625
0.421875
2.531250
1.750000
3.656250
3.953125
3.421875
3.046875
2.968750
3.718750
3.406250
3.250000
3.062500
2.640625
2.015625
1.656250
1.875000
2.953125
2.656250
3.265625
0.000000
0.000000
0.000000
0.000000
0.359375
0.000000
0.000000
0.000000
0.000000
0.000000
0.000000
0.000000
0.000000
0.000000
0.000000
0.093750
0.062500
0.000000
0.000000
0.000000
1.765625
0.000000
0.000000
0.000000
0.000000
0.000000
0.000000
0.000000
0.000000
0.000000
0.000000
0.000000
0.000000
0.000000
0.000000
0.000000
0.000000
0.000000
0.531250
2.171875
0.000000
0.000000
0.875000
1.531250
1.406250
0.781250
0.000000
0.000000
0.000000
1.078125
1.625000
0.468750
0.000000
0.000000
0.703125
2.203125
1.953125
4.031250
6.046875
2.718750
0.000000
2.187500
0.000000
1.281250
0.765625
0.796875
3.468750
5.406250
5.125000
2.531250
1.218750
1.218750
1.718750
3.031250
3.171875
1.843750
0.000000
0.000000
2.781250
2.453125
1.750000
1.765625
0.000000
0.000000
0.000000
0.000000
0.000000
0.000000
0.000000
0.000000
0.000000
0.000000
0.000000
0.000000
0.000000
0.000000
0.000000
0.000000
0.000000
0.000000
1.953125
8.453125
2.671875
0.000000
0.000000
0.000000
0.000000
0.000000
0.000000
0.203125
0.000000
0.000000
0.000000
0.000000
0.000000
0.796875
2.562500
0.000000
0.000000
0.437500
0.000000
0.000000
0.000000
0.156250
0.484375
0.406250
0.203125
0.000000
0.000000
0.000000
0.109375
0.312500
0.140625
0.000000
0.015625
0.000000
0.000000
0.000000
3.843750
15.312500
18.953125
6.250000
0.000000
0.000000
0.156250
0.000000
0.000000
0.078125
0.000000
0.078125
0.000000
0.000000
0.000000
0.000000
1.750000
0.703125
0.000000
0.000000
0.000000
0.890625
0.000000
0.000000
0.000000
0.000000
0.000000
0.000000
0.000000
0.000000
0.000000
0.000000
0.000000
0.000000
0.000000
0.000000
0.000000
0.000000
0.000000
0.000000
0.000000
0.000000
0.000000
0.609375
0.000000
0.000000
0.000000
0.000000
0.000000
1.078125
0.531250
0.000000
0.000000
0.000000
0.000000
0.000000
0.375000
0.593750
0.000000
0.000000
0.000000
0.000000
2.750000
2.859375
2.203125
2.453125
2.281250
2.687500
2.656250
3.015625
2.625000
2.468750
2.390625
2.828125
3.218750
2.718750
2.921875
2.421875
0.718750
0.000000
0.000000
0.000000
0.000000
0.000000
5.859375
1.796875
2.671875
3.406250
2.421875
1.906250
1.500000
1.968750
2.296875
2.453125
2.187500
1.406250
0.000000
1.015625
3.687500
2.484375
1.015625
0.000000
0.812500
2.375000
1.750000
1.640625
1.046875
0.843750
0.906250
1.437500
1.968750
1.656250
1.531250
1.390625
1.406250
1.687500
1.531250
1.953125
3.468750
6.328125
7.656250
8.062500
0.000000
1.031250
1.031250
2.468750
2.281250
2.500000
2.312500
1.875000
1.718750
1.687500
1.296875
1.484375
1.562500
1.859375
0.781250
0.000000
1.234375
2.046875
2.187500
2.140625
