0000
0018
0007
000d
0011
0015
0017
001b
001b
001e
0016
001a
001b
0018
0016
0017
0013
001a
000f
0010
0019
0018
0010
0010
0011
000b
0010
0012
0016
0015
0016
0011
0013
0019
0017
001b
001f
0014
0017
001f
001c
001c
0019
0017
0013
0010
0011
0013
0017
0014
0015
0011
0016
0016
0018
0018
001c
0019
0013
0011
001a
0018
001c
0018
0018
0013
0014
0010
0017
0013
0003
0000
0000
0000
0000
0000
0000
0000
0000
0000
0000
0000
0000
0001
001a
0022
000d
0002
0000
000c
001f
001c
001f
002b
002a
002a
002a
0026
0024
0026
0027
0023
001a
0022
002a
002f
0026
0029
0029
0022
001c
0022
0020
0029
001e
0018
0014
0013
000d
0010
0017
001b
0014
0019
0011
0011
0010
0012
0015
0017
0010
0011
0015
0013
0010
000b
0008
000c
000e
000a
0004
0008
0000
0000
0003
000b
0012
0013
0011
0013
0014
0014
0015
001b
0019
0015
0012
0018
0017
0010
0000
0010
0022
0035
0040
004a
0053
0060
005a
005b
0059
005a
0059
0054
004c
004f
004a
0047
004b
0046
0049
0042
003e
0030
0032
002a
0034
003a
003e
003e
003c
0040
0043
004c
0056
0056
005a
0057
0058
005d
005f
0058
0054
004d
004a
0045
0046
0040
0046
003f
0041
003d
0044
004b
0051
0054
0050
0049
0048
0046
0050
0055
0057
0054
0050
0047
0044
0045
0043
0037
001b
0000
0000
0000
0000
0000
0000
0000
0000
0000
0000
0000
0000
0000
0000
0000
0000
0000
0011
0032
004f
0061
006f
0085
008d
0090
008b
0085
0082
0080
0076
0074
0071
0081
0087
008a
0084
0080
007b
007b
0072
0073
0071
006f
0065
005a
0050
004b
0043
0048
004f
0054
004d
0048
0044
003d
003f
0042
0041
0042
0040
0041
0041
0040
0037
0031
002a
0027
0020
001b
0007
0003
0000
0005
0014
0025
002f
0037
003b
0040
0046
004a
004f
0054
0051
0047
0046
0048
003a
0022
