0000
0000
0001
0005
0015
0006
0018
000f
0012
0008
0018
000c
0000
0000
000a
0000
0000
000b
0006
000b
0014
0017
000d
000f
0013
0004
0009
001b
0019
0002
0015
0022
001b
0015
0031
0015
0017
0037
0054
0068
0046
0000
0000
0000
0000
0000
0000
0000
0000
0000
0000
0000
0000
0000
0000
0000
0003
0006
0003
0000
001e
0021
000e
0013
001f
0012
002a
0024
001e
0024
000c
0000
0000
0012
000a
0013
0021
001e
001e
0023
0000
0000
0000
0000
0000
0000
0000
0000
0000
0000
0000
0000
0000
0000
0000
0000
0000
0000
0000
0000
0000
0000
0000
0000
0000
0000
0000
0000
0000
0000
0000
0000
0000
0000
0000
0000
0000
0000
0000
0000
0000
0000
0002
0000
0000
0000
0000
0000
0000
0000
0000
0000
0000
0000
0000
0000
0000
0000
0000
0000
0000
0000
0000
0000
0000
0000
0000
0000
0000
0000
0000
0000
0000
0000
0000
0000
0000
0000
0000
0000
000b
0026
0029
0024
001d
001a
0017
0013
0014
0018
000d
0009
000c
001a
0013
001c
0025
001d
0021
001e
001b
0010
0012
0015
0016
001d
0025
0020
0013
0020
0023
0018
0010
000c
0000
0000
0000
0000
0025
00ac
00e9
00f7
00a3
0059
003a
0033
0034
0024
001c
0017
0016
002f
0025
001d
0016
001b
000e
0004
0007
001b
001b
0012
0013
001b
0019
001c
0010
000b
0003
0000
0000
0014
0024
0021
0027
0028
0020
0017
000a
0000
0000
0027
0017
0028
002b
002f
002c
0025
0027
002a
0022
0024
0018
0018
001e
0023
0026
0027
0026
002e
0030
0027
0026
0024
0022
0026
0023
0029
002c
002b
0025
002c
0029
0021
001d
0018
0000
0000
0000
002a
0063
003b
003f
0012
0000
000b
002a
0031
0036
0035
0030
0032
0034
0038
0035
0038
0032
0030
0028
002c
0026
002b
0025
0022
0023
002c
0023
0026
0021
0018
0010
000a
0014
0019
0027
0029
0029
0031
001c
0021
