0.000000
0.000000
0.187500
0.890625
0.843750
0.843750
0.875000
1.000000
0.781250
0.453125
0.375000
0.234375
0.109375
0.156250
0.281250
0.468750
0.671875
0.890625
0.953125
0.765625
0.796875
0.796875
0.656250
0.703125
0.671875
0.828125
0.765625
0.921875
1.171875
0.953125
0.812500
0.906250
0.500000
0.250000
0.953125
1.656250
0.625000
0.000000
0.000000
0.000000
0.000000
0.000000
0.000000
0.000000
0.000000
0.000000
0.000000
0.000000
0.250000
0.593750
0.765625
0.687500
0.656250
0.671875
0.359375
0.093750
0.000000
0.109375
0.312500
0.593750
0.968750
1.046875
1.000000
1.093750
1.000000
0.828125
0.937500
0.875000
0.343750
0.000000
0.000000
0.000000
0.000000
0.390625
1.171875
0.921875
0.937500
0.671875
0.421875
0.000000
0.203125
1.968750
3.640625
6.218750
7.437500
7.218750
6.875000
6.671875
6.750000
6.328125
5.640625
5.531250
5.843750
6.109375
6.359375
6.906250
7.328125
7.625000
7.593750
7.421875
7.015625
6.656250
6.484375
6.562500
6.765625
6.953125
7.078125
6.812500
6.921875
7.156250
6.953125
6.468750
5.687500
4.234375
2.734375
1.625000
3.062500
0.000000
0.000000
0.000000
7.281250
8.421875
2.156250
0.000000
1.890625
6.984375
9.953125
10.953125
10.718750
11.375000
11.750000
11.843750
11.437500
10.593750
9.578125
8.796875
7.656250
6.406250
6.140625
6.328125
6.546875
6.250000
5.765625
5.812500
5.750000
5.062500
4.500000
4.156250
3.921875
3.406250
2.484375
1.781250
1.359375
3.359375
5.640625
6.406250
6.484375
5.906250
4.296875
2.265625
