0.203125
0.812500
0.531250
0.656250
0.718750
0.796875
0.859375
0.890625
0.937500
0.953125
0.843750
0.843750
0.859375
0.796875
0.750000
0.750000
0.671875
0.765625
0.578125
0.609375
0.703125
0.718750
0.578125
0.578125
0.625000
0.546875
0.640625
0.718750
0.796875
0.796875
0.796875
0.734375
0.781250
0.875000
0.843750
0.921875
0.984375
0.812500
0.843750
0.937500
0.921875
0.875000
0.812500
0.750000
0.656250
0.609375
0.609375
0.656250
0.718750
0.671875
0.687500
0.640625
0.734375
0.750000
0.796875
0.796875
0.843750
0.765625
0.671875
0.640625
0.781250
0.750000
0.812500
0.765625
0.703125
0.609375
0.578125
0.515625
0.578125
0.500000
0.140625
0.000000
0.000000
0.000000
0.000000
0.000000
0.000000
0.000000
0.000000
0.000000
0.000000
0.000000
0.000000
0.015625
0.406250
0.734375
0.765625
0.765625
0.812500
1.093750
1.421875
1.453125
1.531250
1.781250
1.781250
1.781250
1.734375
1.625000
1.593750
1.625000
1.609375
1.500000
1.375000
1.500000
1.625000
1.734375
1.593750
1.625000
1.562500
1.406250
1.265625
1.328125
1.265625
1.375000
1.125000
0.984375
0.843750
0.734375
0.593750
0.593750
0.671875
0.750000
0.640625
0.703125
0.546875
0.515625
0.515625
0.531250
0.562500
0.593750
0.437500
0.437500
0.484375
0.468750
0.390625
0.281250
0.187500
0.234375
0.250000
0.218750
0.125000
0.187500
0.093750
0.156250
0.265625
0.421875
0.562500
0.593750
0.578125
0.593750
0.609375
0.625000
0.656250
0.734375
0.703125
0.609375
0.562500
0.609375
0.546875
0.343750
0.171875
0.359375
0.671875
0.968750
1.125000
1.281250
1.437500
1.640625
1.531250
1.562500
1.500000
1.531250
1.515625
1.406250
1.281250
1.328125
1.250000
1.203125
1.265625
1.187500
1.250000
1.125000
1.078125
0.859375
0.890625
0.750000
0.921875
1.046875
1.109375
1.109375
1.078125
1.125000
1.203125
1.343750
1.453125
1.484375
1.546875
1.468750
1.515625
1.593750
1.593750
1.515625
1.437500
1.281250
1.250000
1.187500
1.187500
1.109375
1.203125
1.078125
1.109375
1.062500
1.171875
1.312500
1.375000
1.406250
1.359375
1.265625
1.218750
1.203125
1.343750
1.421875
1.453125
1.406250
1.343750
1.187500
1.125000
1.140625
1.109375
0.875000
0.421875
0.000000
0.000000
0.000000
0.000000
0.000000
0.000000
0.000000
0.000000
0.000000
0.000000
0.000000
0.000000
0.078125
0.250000
0.265625
0.265625
0.218750
0.500000
1.062500
1.515625
1.796875
2.046875
2.375000
2.484375
2.531250
2.453125
2.328125
2.281250
2.250000
2.093750
2.046875
2.015625
2.265625
2.390625
2.421875
2.312500
2.250000
2.156250
2.109375
2.000000
1.984375
1.937500
1.906250
1.718750
1.515625
1.375000
1.265625
1.125000
1.218750
1.343750
1.406250
1.312500
1.187500
1.125000
1.000000
1.031250
1.078125
1.078125
1.078125
1.015625
1.062500
1.078125
1.031250
0.906250
0.781250
0.671875
0.656250
0.546875
0.437500
0.140625
0.078125
0.031250
0.140625
0.406250
0.687500
0.859375
0.968750
1.031250
1.109375
1.203125
1.265625
1.343750
1.406250
1.343750
1.171875
1.140625
1.171875
0.953125
0.531250
