000e
0024
0044
0031
0014
0016
0010
000d
0008
0001
0008
0007
0000
0001
0001
0004
000a
0007
0008
000b
0002
000d
0013
0013
0010
001a
0017
001d
001a
0019
0017
0016
0016
0012
0014
0011
0007
000a
0007
0005
0007
0004
0000
0004
0003
0004
0005
000a
000e
0014
0010
0011
0014
0018
0010
000e
000b
0006
000b
000b
0009
000e
000a
0002
0004
0000
0000
0008
0013
000a
000e
001b
0037
006b
0091
00b3
010c
0196
01ff
0228
022a
0213
01ea
01cd
017b
0101
00c2
0082
0058
003c
0025
0026
001c
0010
0008
0000
0000
0000
0000
0000
0000
0000
0006
0002
0001
0000
0000
0000
0000
0000
0000
0000
0000
0000
0000
0000
0000
0000
0000
0001
0008
000b
0008
0003
0005
0009
0009
0010
000d
000b
000c
000e
000a
000a
000a
0006
0007
0009
0014
001c
0019
001e
0029
002c
0031
0026
0023
0020
001a
0011
0011
000f
000b
000d
0009
0000
0002
000d
0003
0000
0000
0000
0000
0024
0012
0003
0005
0000
0000
0000
0000
0000
0000
0000
0000
0000
0000
0001
0000
0000
0000
0000
0000
0000
0000
0000
0000
0000
0000
0000
0004
0001
0003
0005
0000
0005
0002
0000
0003
0000
0000
0000
0000
0000
0000
0000
0000
0000
0000
0000
0000
0003
0000
0002
0000
0000
0000
0000
0000
0002
0000
0000
0000
0000
0000
0000
0000
0000
0000
0000
0003
0006
000e
0014
001f
0034
004a
004a
0049
0041
0046
0046
0040
0046
0063
0071
007e
0072
0041
0022
0010
000a
0016
000e
0007
0004
0003
0000
0000
0000
0000
0001
0008
0000
0000
0000
0000
0003
0003
0000
0000
0000
0000
0000
0000
0000
0000
0000
0000
0000
0000
0000
0000
0000
0000
0000
0000
0000
0000
0000
0000
0000
0000
0000
0000
0000
0000
0000
0000
0000
0000
0000
0004
0008
0005
0005
0002
0005
0006
0006
0000
0001
0000
0000
0000
0000
0000
0000
0000
0003
