1.203125
1.203125
0.843750
0.843750
0.843750
0.640625
0.640625
0.000000
0.000000
1.109375
1.109375
1.109375
0.656250
0.000000
0.671875
2.687500
4.812500
10.593750
10.593750
10.593750
10.437500
6.453125
6.453125
0.953125
0.000000
0.000000
1.890625
3.187500
3.187500
3.187500
1.953125
1.453125
2.609375
2.609375
2.609375
2.421875
1.281250
0.593750
1.187500
1.187500
0.000000
0.000000
0.000000
0.000000
0.000000
0.000000
0.000000
0.000000
0.000000
0.000000
0.000000
0.000000
0.000000
0.000000
0.000000
0.328125
4.218750
4.218750
4.218750
3.531250
8.578125
8.578125
8.578125
0.000000
0.000000
0.000000
0.000000
0.000000
0.000000
0.000000
0.000000
0.000000
0.000000
0.000000
0.000000
0.000000
0.000000
0.000000
0.000000
0.000000
1.515625
2.593750
2.593750
2.593750
2.109375
1.906250
1.843750
2.406250
2.406250
2.406250
2.156250
2.265625
2.328125
2.328125
2.328125
2.234375
2.156250
1.203125
1.078125
0.000000
0.000000
0.000000
2.671875
2.937500
3.562500
3.562500
3.562500
2.828125
1.375000
2.140625
2.140625
2.140625
1.906250
1.593750
1.359375
0.796875
2.187500
2.187500
2.187500
2.000000
0.000000
0.000000
0.000000
0.000000
0.000000
0.000000
0.000000
0.000000
0.000000
0.000000
0.000000
0.000000
0.000000
0.000000
0.000000
0.000000
1.687500
7.593750
7.593750
7.593750
0.000000
0.000000
0.000000
0.000000
0.000000
0.000000
0.000000
0.000000
0.000000
0.000000
0.000000
0.000000
0.000000
0.000000
0.000000
0.000000
0.000000
0.000000
0.000000
0.000000
0.000000
0.000000
0.000000
0.000000
0.000000
0.000000
0.000000
0.000000
0.000000
0.000000
0.000000
0.000000
0.000000
0.000000
0.000000
0.000000
0.000000
0.000000
1.984375
1.984375
1.984375
1.296875
1.296875
0.000000
0.000000
0.000000
0.000000
0.000000
0.000000
0.000000
0.000000
0.000000
0.000000
0.000000
0.000000
0.000000
0.000000
0.000000
0.000000
0.000000
5.406250
5.406250
2.000000
0.156250
0.703125
1.421875
1.468750
1.468750
1.468750
0.812500
0.796875
0.359375
0.359375
0.359375
0.156250
0.046875
0.000000
12.734375
27.187500
36.343750
36.343750
36.343750
30.953125
16.078125
4.078125
2.859375
2.046875
2.046875
2.046875
1.546875
0.484375
0.000000
0.000000
0.156250
4.500000
4.562500
4.562500
4.562500
0.000000
0.000000
2.015625
2.015625
2.921875
2.921875
2.921875
1.765625
1.281250
1.640625
2.562500
2.984375
2.984375
2.984375
1.906250
2.109375
2.906250
4.046875
5.078125
5.078125
5.078125
0.000000
0.218750
4.859375
4.859375
4.859375
2.750000
4.046875
5.312500
5.546875
5.546875
5.546875
4.078125
2.921875
3.531250
3.531250
3.531250
2.125000
2.125000
3.250000
3.250000
3.250000
0.750000
0.750000
0.000000
0.000000
0.000000
0.000000
0.000000
0.000000
0.000000
0.000000
0.000000
0.000000
0.000000
0.000000
0.000000
0.000000
1.187500
1.187500
1.187500
0.406250
4.828125
4.828125
4.828125
1.531250
0.000000
0.000000
0.000000
0.000000
0.000000
0.000000
0.000000
0.000000
0.000000
0.000000
0.000000
0.000000
0.000000
0.000000
0.015625
0.015625
2.640625
3.156250
3.500000
3.500000
3.500000
3.484375
2.937500
2.843750
3.281250
3.484375
3.796875
3.796875
3.796875
3.515625
3.515625
3.515625
2.984375
2.812500
2.812500
4.640625
4.640625
4.640625
2.531250
3.656250
3.953125
3.953125
3.953125
3.421875
3.718750
3.718750
3.718750
3.406250
3.250000
3.062500
2.640625
2.015625
2.953125
2.953125
3.265625
3.265625
0.000000
0.000000
0.000000
0.359375
0.359375
0.359375
0.000000
0.000000
0.000000
0.000000
0.000000
0.000000
0.000000
0.000000
0.093750
0.093750
0.093750
0.062500
0.000000
1.765625
1.765625
1.765625
0.000000
0.000000
0.000000
0.000000
0.000000
0.000000
0.000000
0.000000
0.000000
0.000000
0.000000
0.000000
0.000000
0.000000
0.000000
0.531250
2.171875
2.171875
0.000000
0.875000
1.531250
1.531250
1.531250
1.406250
0.781250
0.000000
1.078125
1.625000
1.625000
1.625000
0.468750
0.703125
2.203125
2.203125
4.031250
6.046875
6.046875
6.046875
2.718750
2.187500
2.187500
1.281250
1.281250
3.468750
5.406250
5.406250
5.406250
5.125000
2.531250
1.718750
3.031250
3.171875
3.171875
3.171875
1.843750
2.781250
2.781250
2.781250
1.765625
1.765625
1.765625
0.000000
0.000000
0.000000
0.000000
0.000000
0.000000
0.000000
0.000000
0.000000
0.000000
0.000000
0.000000
0.000000
0.000000
0.000000
0.000000
1.953125
8.453125
8.453125
8.453125
2.671875
0.000000
0.000000
0.000000
0.000000
0.203125
0.203125
0.203125
0.000000
0.000000
0.000000
0.796875
2.562500
2.562500
2.562500
0.437500
0.437500
0.000000
0.000000
0.156250
0.484375
0.484375
0.484375
0.406250
0.203125
0.000000
0.109375
0.312500
0.312500
0.312500
0.140625
0.015625
0.015625
0.000000
3.843750
15.312500
18.953125
18.953125
18.953125
6.250000
0.156250
0.156250
0.156250
0.078125
0.078125
0.078125
0.078125
0.078125
0.000000
0.000000
1.750000
1.750000
1.750000
0.703125
0.000000
0.890625
0.890625
0.000000
0.000000
0.000000
0.000000
0.000000
0.000000
0.000000
0.000000
0.000000
0.000000
0.000000
0.000000
0.000000
0.000000
0.000000
0.000000
0.000000
0.000000
0.000000
0.000000
0.609375
0.609375
0.609375
0.000000
0.000000
0.000000
1.078125
1.078125
1.078125
0.531250
0.000000
0.000000
0.000000
0.375000
0.593750
0.593750
0.593750
0.000000
0.000000
0.000000
2.859375
2.859375
2.859375
2.453125
2.687500
2.687500
3.015625
3.015625
3.015625
2.625000
2.828125
3.218750
3.218750
3.218750
2.921875
2.921875
2.421875
0.718750
0.000000
0.000000
0.000000
5.859375
5.859375
5.859375
3.406250
3.406250
3.406250
2.421875
1.968750
2.296875
2.453125
2.453125
2.453125
2.187500
1.406250
3.687500
3.687500
3.687500
2.484375
1.015625
2.375000
2.375000
2.375000
1.750000
1.640625
1.046875
1.437500
1.968750
1.968750
1.968750
1.656250
1.531250
1.687500
1.687500
1.953125
3.468750
6.328125
7.656250
8.062500
8.062500
8.062500
1.031250
2.468750
2.468750
2.500000
2.500000
2.500000
2.312500
1.875000
1.718750
1.687500
1.562500
1.859375
1.859375
1.859375
1.234375
2.046875
2.187500
2.187500
2.187500
4.765625
5.453125
5.453125
5.453125
5.265625
4.640625
4.015625
5.171875
5.687500
5.687500
5.687500
5.296875
5.078125
5.078125
5.078125
5.015625
5.015625
5.015625
1.703125
0.000000
8.953125
8.953125
8.953125
7.968750
7.968750
8.203125
8.203125
8.203125
7.218750
6.281250
5.593750
4.781250
4.562500
4.000000
3.265625
2.218750
4.468750
4.578125
4.578125
4.578125
0.328125
1.203125
1.203125
1.203125
0.625000
0.625000
0.078125
0.468750
0.890625
0.890625
0.890625
0.562500
0.328125
0.484375
1.140625
2.671875
4.203125
7.687500
7.687500
7.687500
4.062500
4.062500
1.171875
1.171875
1.203125
1.937500
1.937500
1.937500
1.796875
1.359375
0.453125
0.906250
0.906250
0.906250
0.890625
0.343750
1.093750
1.718750
2.031250
2.031250
0.000000
0.000000
0.000000
0.000000
0.000000
0.000000
0.000000
0.000000
0.000000
0.000000
0.000000
0.000000
0.000000
0.000000
0.000000
0.000000
0.000000
0.000000
7.000000
7.000000
7.000000
5.890625
5.890625
0.000000
0.000000
0.000000
0.000000
0.000000
0.000000
0.000000
0.000000
0.000000
0.000000
0.000000
0.000000
0.000000
0.000000
0.000000
0.000000
0.000000
0.625000
0.625000
0.625000
0.109375
0.000000
0.218750
0.406250
0.453125
0.453125
0.453125
0.265625
0.046875
0.046875
0.046875
0.187500
0.734375
3.843750
8.984375
8.984375
12.593750
12.593750
12.593750
1.734375
1.734375
1.734375
1.421875
1.421875
1.421875
1.046875
0.390625
0.000000
0.000000
0.000000
0.437500
0.437500
0.437500
0.250000
0.546875
0.546875
0.546875
3.531250
4.593750
4.593750
4.593750
3.687500
3.390625
3.218750
4.203125
4.203125
4.203125
3.890625
3.531250
4.171875
4.171875
4.171875
4.015625
3.968750
2.093750
2.093750
0.000000
0.000000
0.000000
4.328125
4.421875
5.296875
5.296875
5.296875
5.109375
2.843750
3.500000
3.500000
3.500000
3.187500
3.078125
2.671875
1.109375
3.937500
3.937500
3.937500
3.890625
2.312500
2.312500
1.093750
0.000000
0.000000
0.000000
0.000000
0.000000
0.000000
0.000000
0.000000
0.000000
0.000000
0.000000
0.000000
0.000000
0.000000
1.359375
1.359375
6.843750
6.843750
6.843750
4.062500
4.062500
0.000000
0.000000
0.000000
0.000000
0.000000
0.296875
0.296875
0.296875
0.000000
0.000000
0.000000
1.953125
1.953125
1.953125
0.625000
0.000000
1.640625
1.640625
1.640625
0.937500
0.609375
0.390625
0.828125
0.984375
0.984375
0.984375
0.968750
0.703125
0.781250
0.921875
0.921875
0.921875
0.843750
4.312500
4.312500
4.312500
3.500000
3.312500
1.890625
1.890625
1.890625
1.421875
1.359375
1.359375
1.140625
0.593750
0.593750
0.593750
0.593750
0.421875
0.421875
0.375000
1.546875
1.546875
1.546875
0.562500
0.000000
2.062500
2.718750
2.750000
2.750000
2.750000
1.296875
1.890625
3.015625
3.015625
3.015625
2.531250
1.281250
2.312500
4.312500
4.343750
4.343750
4.343750
3.437500
6.046875
6.046875
6.046875
3.734375
4.125000
5.578125
7.171875
7.625000
7.625000
7.625000
5.671875
3.000000
2.734375
3.031250
3.031250
3.031250
2.468750
0.890625
5.234375
5.234375
5.234375
3.984375
3.984375
3.562500
0.000000
0.000000
0.890625
1.265625
1.265625
1.265625
0.000000
0.000000
0.203125
0.203125
0.203125
0.000000
0.000000
0.000000
0.000000
0.000000
0.000000
0.000000
3.687500
3.687500
3.687500
0.500000
0.000000
0.000000
0.000000
0.000000
0.000000
0.000000
0.000000
0.000000
0.000000
0.000000
4.281250
4.281250
4.281250
1.781250
0.000000
2.218750
2.218750
2.625000
2.625000
2.625000
2.406250
2.109375
1.921875
2.531250
2.593750
2.593750
2.593750
2.359375
2.281250
2.281250
2.281250
2.234375
1.156250
7.093750
9.812500
11.812500
11.812500
11.812500
5.281250
4.218750
4.312500
5.671875
5.671875
5.671875
5.125000
4.093750
2.203125
2.203125
1.968750
2.906250
2.906250
2.906250
1.984375
1.375000
1.343750
1.968750
2.906250
2.953125
3.265625
3.265625
3.265625
2.390625
1.906250
2.718750
3.000000
3.171875
3.171875
3.171875
2.843750
2.937500
2.937500
2.937500
2.843750
1.609375
8.734375
8.734375
8.734375
1.515625
2.421875
2.953125
2.953125
3.515625
3.562500
3.640625
3.640625
3.640625
3.015625
2.968750
2.968750
2.671875
2.562500
2.093750
2.921875
4.078125
4.078125
0.000000
0.000000
0.000000
0.000000
0.000000
0.000000
0.000000
0.000000
0.000000
0.000000
0.000000
0.000000
0.000000
0.000000
0.000000
0.734375
1.078125
6.593750
6.593750
6.593750
8.312500
8.312500
8.312500
0.000000
0.000000
0.000000
0.000000
0.000000
0.000000
0.000000
0.000000
0.000000
0.000000
0.000000
0.000000
0.000000
0.000000
0.000000
0.828125
0.828125
0.281250
0.281250
0.000000
0.000000
0.000000
0.000000
0.000000
0.000000
0.000000
0.000000
0.000000
0.000000
0.000000
0.000000
0.000000
1.375000
4.281250
12.437500
12.437500
12.437500
7.359375
1.515625
1.515625
1.515625
0.000000
0.000000
0.000000
0.859375
0.859375
0.859375
0.359375
0.000000
0.203125
0.953125
0.953125
0.953125
0.000000
0.000000
3.125000
3.125000
0.000000
0.000000
0.000000
0.000000
0.000000
0.000000
0.000000
0.000000
0.000000
0.000000
0.000000
0.000000
0.000000
0.000000
0.000000
0.562500
4.640625
5.171875
7.968750
7.968750
7.968750
2.140625
2.140625
0.000000
0.000000
0.000000
0.000000
0.390625
0.390625
0.390625
0.000000
0.000000
0.750000
0.750000
0.750000
0.125000
0.000000
0.187500
2.484375
2.484375
0.531250
2.000000
2.000000
2.000000
1.703125
1.703125
0.828125
1.062500
1.359375
1.359375
1.359375
1.234375
1.203125
1.468750
2.234375
3.796875
3.796875
12.656250
12.656250
12.656250
8.953125
8.953125
1.328125
1.328125
1.890625
2.265625
2.265625
2.265625
1.843750
1.093750
1.093750
1.281250
1.937500
2.062500
2.062500
2.062500
1.687500
2.796875
3.640625
3.640625
0.000000
0.000000
0.000000
0.000000
0.000000
0.000000
0.000000
0.000000
0.000000
0.000000
0.000000
0.000000
0.000000
0.000000
0.000000
0.000000
0.000000
0.218750
11.937500
11.937500
11.937500
11.562500
6.984375
0.234375
0.000000
0.000000
0.000000
0.000000
0.000000
0.000000
0.000000
0.000000
0.000000
0.000000
0.000000
0.000000
0.000000
0.000000
0.000000
0.000000
