0.765625
0.515625
0.000000
0.000000
0.000000
0.000000
0.000000
0.000000
0.000000
0.000000
0.000000
0.000000
0.000000
0.000000
0.000000
0.000000
0.000000
0.000000
0.000000
0.000000
0.000000
0.000000
0.000000
0.000000
0.000000
0.000000
0.000000
0.000000
0.000000
0.000000
0.000000
0.000000
0.000000
0.000000
0.000000
0.000000
0.812500
0.406250
0.921875
1.562500
1.828125
2.812500
2.718750
1.296875
0.000000
0.000000
0.000000
0.000000
0.000000
0.000000
0.000000
0.000000
0.000000
0.000000
0.000000
0.000000
0.000000
0.000000
0.000000
0.000000
0.000000
0.000000
0.000000
0.000000
0.000000
0.000000
0.000000
0.000000
0.000000
0.000000
0.000000
0.187500
0.000000
0.000000
0.000000
0.000000
0.000000
0.000000
0.000000
0.000000
2.718750
3.203125
3.390625
3.296875
3.203125
3.109375
2.921875
2.734375
2.468750
2.437500
2.343750
2.234375
2.343750
2.562500
2.687500
2.968750
3.156250
3.218750
3.171875
3.125000
3.109375
2.828125
2.531250
2.375000
2.500000
2.734375
2.796875
2.812500
2.750000
2.765625
2.781250
2.781250
2.546875
1.953125
1.234375
1.062500
0.187500
0.468750
1.000000
1.390625
2.343750
2.703125
3.671875
3.500000
5.109375
5.703125
5.703125
5.640625
5.484375
5.125000
4.968750
5.171875
5.171875
5.109375
4.750000
4.390625
4.062500
3.656250
2.906250
2.609375
2.500000
2.500000
2.265625
2.093750
2.078125
2.015625
1.921875
1.562500
1.187500
0.843750
0.984375
1.625000
2.359375
2.515625
2.656250
2.640625
2.593750
2.531250
1.718750
1.156250
0.578125
0.718750
0.500000
0.734375
0.875000
0.906250
0.859375
0.781250
0.796875
0.750000
0.640625
0.453125
0.406250
0.453125
0.500000
0.671875
0.718750
0.750000
0.828125
0.906250
0.921875
0.859375
0.703125
0.609375
0.578125
0.656250
0.671875
0.703125
0.781250
0.843750
0.843750
0.843750
0.765625
0.890625
0.984375
0.781250
1.781250
2.500000
2.453125
2.218750
2.265625
3.125000
2.718750
2.015625
0.625000
0.703125
0.906250
1.093750
1.296875
1.296875
1.218750
1.265625
1.281250
1.359375
1.234375
1.234375
1.187500
1.031250
0.906250
0.843750
0.828125
0.828125
0.625000
0.562500
0.578125
0.609375
0.593750
0.578125
0.328125
0.328125
0.062500
0.218750
0.343750
0.343750
0.593750
0.656250
0.750000
0.812500
1.031250
0.828125
3.484375
3.843750
3.546875
3.062500
2.906250
2.625000
2.453125
2.187500
2.093750
2.062500
2.125000
1.921875
2.328125
2.437500
2.531250
2.875000
3.031250
3.046875
2.906250
2.781250
2.734375
2.328125
2.031250
2.015625
2.218750
2.562500
2.562500
2.562500
2.421875
2.484375
2.453125
2.453125
2.062500
2.109375
2.015625
2.500000
3.984375
6.140625
9.640625
10.609375
11.437500
13.515625
13.281250
10.234375
7.187500
6.406250
5.562500
5.359375
4.953125
4.531250
4.718750
4.859375
4.859375
4.671875
4.203125
3.843750
3.546875
3.062500
2.562500
2.171875
2.078125
2.078125
1.828125
1.687500
1.703125
1.562500
1.484375
1.140625
1.031250
0.968750
1.421875
2.328125
2.562500
2.578125
2.500000
2.390625
2.312500
2.140625
2.250000
1.671875
