0024
001e
0018
002c
0022
0021
0019
001a
001b
0023
0019
0011
001c
0021
001e
001b
002a
0026
0025
0026
001d
0017
0017
0018
001c
0021
0029
0026
0016
001d
002b
001e
0016
001f
0006
0000
0015
0006
0000
001d
0047
0062
0025
0000
0008
0031
0031
002b
0026
0027
0028
0036
0032
0024
0021
0027
001e
000c
0007
001f
0026
0017
0012
001b
001a
001a
0019
000e
000f
0005
0006
0012
0024
001f
001c
0027
0024
001d
0017
0000
0033
0057
0032
0023
0010
0013
0009
000d
0010
0010
0014
001c
0029
0033
0028
002a
002d
0024
0012
0017
000d
0009
000b
0011
001d
0024
0023
0019
000d
000f
0015
000a
0001
000f
0005
0013
0061
0096
0103
0184
019f
0172
010f
00c1
00a2
0068
0051
0035
0026
002d
002a
0035
002b
0026
0020
0019
001b
000c
0005
000e
000f
0001
0007
0013
000c
000a
0002
0000
0004
0013
0022
003b
0043
0029
0022
0018
000f
0005
0007
0000
000a
0000
0000
0000
0000
0000
0000
0000
0000
0000
0000
0000
0000
0000
0000
0000
0000
0000
0000
0000
0000
0000
0000
0000
0000
0000
0000
0000
0000
0000
0000
0000
0000
0000
0000
0000
004b
00ba
0170
01f8
01f9
019d
00f7
0022
0000
0000
0000
0000
0000
0000
0000
0000
0000
0000
0000
0000
0000
0000
0000
0000
0000
0000
0000
0000
0000
0000
0000
0000
0000
0000
0000
0000
0000
0000
0000
0000
0000
0000
0000
0000
003e
0000
0000
0000
0000
0000
0000
0000
0000
0000
0000
0000
0000
0000
0000
0000
0000
0000
0000
0000
0000
0000
0000
0000
0000
0000
0000
0000
0000
0000
0000
0000
0000
0000
0000
0000
002b
0052
00b0
012b
0139
0104
0079
002b
0017
0000
0000
0000
0000
0000
0000
0000
0000
0000
0000
0000
0000
0000
0000
0000
0000
0000
0000
0000
0000
0000
0000
0000
0000
0000
001c
0018
0005
0000
0000
0000
0000
0000
0000
0000
