3.984375
3.562500
0.000000
0.000000
0.000000
0.000000
0.890625
1.265625
0.000000
0.000000
0.000000
0.000000
0.203125
0.000000
0.000000
0.000000
0.000000
0.000000
0.000000
0.000000
0.000000
0.000000
3.687500
0.500000
0.000000
0.000000
0.000000
0.000000
0.000000
0.000000
0.000000
0.000000
0.000000
0.000000
0.000000
0.000000
4.281250
1.781250
0.000000
0.000000
1.375000
2.218750
2.203125
2.625000
2.406250
2.109375
1.796875
1.609375
1.921875
2.531250
2.593750
2.359375
1.734375
1.546875
2.281250
2.234375
0.843750
0.000000
1.156250
7.093750
9.812500
11.812500
5.281250
3.906250
4.218750
3.671875
4.312500
5.671875
5.125000
4.093750
1.968750
2.203125
1.703125
1.796875
1.968750
2.906250
1.984375
1.375000
1.343750
0.890625
1.484375
1.968750
2.906250
2.953125
3.265625
2.390625
1.812500
1.578125
1.906250
2.718750
3.000000
3.171875
2.359375
2.250000
2.843750
2.937500
2.843750
0.437500
1.609375
0.000000
8.734375
0.000000
0.000000
1.515625
2.421875
2.953125
2.953125
3.515625
3.562500
3.640625
3.015625
2.796875
2.968750
2.671875
2.562500
1.125000
1.375000
2.093750
2.921875
4.078125
0.000000
0.000000
0.000000
0.000000
0.000000
0.000000
0.000000
0.000000
0.000000
0.000000
0.000000
0.000000
0.000000
0.000000
0.000000
0.000000
0.734375
1.078125
6.593750
0.000000
0.000000
8.312500
0.000000
0.000000
0.000000
0.000000
0.000000
0.000000
0.000000
0.000000
0.000000
0.000000
0.000000
0.000000
0.000000
0.000000
0.000000
0.000000
0.000000
0.828125
0.281250
0.000000
0.000000
0.000000
0.000000
0.000000
0.000000
0.000000
0.000000
0.000000
0.000000
0.000000
0.000000
0.000000
0.000000
0.000000
1.375000
4.281250
12.437500
7.359375
1.031250
0.000000
1.515625
0.000000
0.000000
0.000000
0.000000
0.000000
0.859375
0.359375
0.000000
0.000000
0.000000
0.203125
0.953125
0.000000
0.000000
0.000000
0.000000
3.125000
0.000000
0.000000
0.000000
0.000000
0.000000
0.000000
0.000000
0.000000
0.000000
0.000000
0.000000
0.000000
0.000000
0.000000
0.000000
0.000000
0.562500
4.640625
5.171875
7.968750
0.000000
2.140625
0.000000
0.000000
0.000000
0.000000
0.000000
0.000000
0.390625
0.000000
0.000000
0.000000
0.000000
0.750000
0.125000
0.000000
0.000000
0.000000
0.187500
2.484375
0.000000
0.531250
2.000000
1.343750
1.703125
0.828125
0.609375
0.578125
1.062500
1.359375
1.234375
1.203125
1.062500
1.093750
1.468750
2.234375
3.796875
3.687500
12.656250
4.687500
8.953125
0.000000
0.000000
1.328125
1.265625
1.890625
2.265625
1.843750
1.015625
1.000000
1.093750
1.062500
1.281250
1.937500
2.062500
0.000000
0.000000
1.687500
2.796875
3.640625
0.000000
0.000000
0.000000
0.000000
0.000000
0.000000
0.000000
0.000000
0.000000
0.000000
0.000000
0.000000
0.000000
0.000000
0.000000
0.000000
0.000000
0.000000
0.218750
11.937500
11.562500
6.984375
0.234375
0.000000
0.000000
0.000000
0.000000
0.000000
0.000000
0.000000
0.000000
0.000000
0.000000
0.000000
0.000000
0.000000
0.000000
0.000000
0.000000
0.000000
