2.140625
3.250000
2.359375
2.375000
2.265625
1.765625
1.328125
1.078125
1.171875
1.390625
1.328125
1.218750
1.718750
2.218750
2.343750
2.562500
2.625000
2.562500
2.140625
1.796875
1.593750
1.203125
1.015625
1.218750
1.656250
1.953125
2.046875
1.812500
1.390625
1.484375
1.546875
1.328125
0.906250
0.734375
-0.015625
-0.625000
1.625000
1.890625
-1.453125
-0.906250
8.031250
14.015625
13.328125
7.671875
6.234375
6.343750
6.234375
5.890625
4.390625
4.031250
4.093750
4.406250
4.312500
3.687500
2.671875
2.265625
1.921875
1.218750
0.765625
0.968750
1.359375
1.265625
0.671875
0.531250
0.718750
0.375000
0.093750
-0.203125
-0.062500
0.375000
0.937500
1.593750
1.562500
1.890625
2.109375
1.796875
1.375000
1.484375
0.828125
-0.343750
2.156250
0.796875
0.500000
-0.906250
-1.234375
-1.218750
-1.078125
-1.046875
-1.078125
-0.968750
-0.734375
-0.656250
-0.640625
-0.765625
-0.765625
-0.968750
-1.078125
-1.234375
-1.296875
-1.265625
-1.093750
-1.109375
-0.953125
-0.875000
-0.906250
-0.968750
-1.078125
-1.015625
-1.093750
-1.171875
-1.078125
-1.031250
-0.921875
-1.125000
-2.109375
-3.109375
-7.750000
-10.812500
-10.796875
-9.843750
-7.593750
-9.062500
-5.062500
1.656250
-0.093750
-0.750000
-1.875000
-2.093750
-1.906250
-2.031250
-2.078125
-2.078125
-2.078125
-2.046875
-1.687500
-1.484375
-1.359375
-1.031250
-1.031250
-0.906250
-0.984375
-1.062500
-0.843750
-0.828125
-0.828125
-0.718750
-0.671875
-1.015625
-1.187500
-0.984375
-0.187500
0.734375
1.812500
0.781250
-0.812500
-0.890625
-1.015625
-1.093750
-1.593750
-1.187500
0.812500
-2.015625
-3.171875
-4.625000
-4.890625
-4.953125
-4.656250
-4.562500
-4.250000
-4.015625
-3.656250
-3.625000
-3.515625
-3.625000
-3.937500
-4.234375
-4.562500
-4.859375
-5.000000
-4.875000
-4.765625
-4.625000
-4.234375
-4.062500
-4.140625
-4.265625
-4.468750
-4.484375
-4.578125
-4.625000
-4.406250
-4.484375
-4.218750
-3.031250
-2.015625
-1.828125
0.906250
-0.421875
-0.328125
0.531250
-0.250000
0.312500
1.359375
2.031250
-3.562500
-5.109375
-6.812500
-7.140625
-7.187500
-7.093750
-7.046875
-7.140625
-7.078125
-7.046875
-6.703125
-6.031250
-5.531250
-4.906250
-4.390625
-4.125000
-4.109375
-4.281250
-3.968750
-3.906250
-3.843750
-3.687500
-3.328125
-3.265625
-2.593750
-2.000000
-1.453125
-0.968750
-1.453125
-2.578125
-4.078125
-4.250000
-4.421875
-3.937500
-2.984375
-2.093750
-2.359375
-0.828125
-1.234375
-0.250000
0.218750
0.296875
0.234375
0.375000
0.515625
0.375000
0.093750
0.140625
0.000000
-0.078125
-0.062500
-0.062500
0.000000
0.171875
0.312500
0.265625
0.171875
0.312500
0.343750
0.343750
0.312500
0.203125
0.312500
0.234375
0.375000
0.453125
0.312500
0.265625
0.390625
0.125000
-0.359375
-0.703125
-1.203125
-5.421875
-9.937500
-8.328125
-4.546875
-4.828125
-5.593750
-4.625000
-3.937500
-3.093750
-1.437500
-1.000000
-0.500000
0.000000
0.109375
0.062500
0.000000
-0.062500
-0.046875
-0.093750
-0.187500
-0.359375
0.046875
0.203125
0.359375
0.453125
0.421875
0.531250
0.531250
0.468750
0.281250
0.328125
0.062500
-0.078125
-0.515625
-0.796875
-0.937500
-0.578125
0.046875
0.218750
0.453125
0.375000
0.203125
-0.250000
