0000
0000
0000
0000
0000
0000
0000
0000
0000
0000
0000
0000
0000
0000
0000
0000
0000
0000
0000
0000
0000
0000
0000
0000
0000
0000
0000
0000
0000
0000
0000
0000
0000
0000
0015
002d
000f
0038
0075
0065
0031
0000
0000
0000
0000
0000
0000
0000
0000
0000
0000
0000
0000
0000
0000
0000
0000
0000
0000
0000
0000
0000
0000
0000
0000
0000
0000
0000
0000
000a
0003
0000
0000
0000
0000
0000
0000
0000
0000
0022
0000
000d
0000
0000
0000
0000
0000
0000
0000
0000
0000
0000
0000
0000
0000
0000
0000
0000
0000
0000
0000
0000
0000
0000
0000
0000
0000
0000
0000
0000
0000
0000
0000
0000
0004
0000
0019
0063
0054
0057
0057
0050
00a3
0030
0008
0000
0000
0000
0000
0000
0000
0000
0000
0000
0000
0000
0000
0000
0000
0000
0000
0000
0000
0000
0000
0000
0000
0000
0000
0000
0000
0000
0000
0000
0000
0000
0000
0000
0000
0000
0026
001f
0046
0065
0074
006d
006f
0067
0061
0058
0058
0040
0043
0041
0046
004e
0059
005e
006c
0073
006f
0064
0062
005d
0055
0057
005e
005e
0060
0061
006d
0066
0061
005e
0032
000b
0000
0000
0000
0000
0000
0000
0000
0000
0000
005c
0075
0098
00a0
0095
0098
0097
00a6
0094
008e
008d
007e
0069
005d
0069
0070
0059
005e
0059
0054
0051
004d
0042
003b
0023
0009
000c
001a
003a
0044
0063
0064
0068
004f
0028
006d
00e0
010a
010e
010e
00fb
00e8
00d0
00ca
00c3
00b1
009c
00a6
00c1
00d2
00de
00fb
010d
010f
010f
00f7
00d9
00c1
00bd
00be
00ca
00e2
00e7
00d8
00d8
00e7
00d8
00c3
009e
0061
0024
0007
0033
0028
0009
0031
0077
00e0
013b
0166
01b7
01ef
01f1
01d0
01ae
01a6
01bd
01cd
01b1
018e
016d
0148
0109
00d9
00ce
00cd
00b9
00a3
00a6
00a3
009b
007d
0061
003c
0020
000f
0043
0083
00b6
00c4
00d5
00d4
00c6
0091
0040
0000
0000
0001
0005
0015
0006
0018
000f
0012
0008
0018
000c
0000
0000
000a
0000
0000
000b
0006
000b
0014
0017
000d
000f
0013
0004
0009
001b
0019
0002
0015
0022
001b
0015
0031
0015
0017
0037
0054
0068
0046
0000
0000
0000
0000
0000
0000
0000
0000
0000
0000
0000
0000
0000
0000
0000
0003
0006
0003
0000
001e
0021
000e
0013
001f
0012
002a
0024
001e
0024
000c
0000
0000
0012
000a
0013
0021
001e
001e
0023
0000
0000
0000
0000
0000
0000
0000
0000
0000
0000
0000
0000
0000
0000
0000
0000
0000
0000
0000
0000
0000
0000
0000
0000
0000
0000
0000
0000
0000
0000
0000
0000
0000
0000
0000
0000
0000
0000
0000
0000
0000
0000
0002
0000
0000
0000
0000
0000
0000
0000
0000
0000
0000
0000
0000
0000
0000
0000
0000
0000
0000
0000
0000
0000
0000
0000
0000
0000
0000
0000
0000
0000
0000
0000
0000
0000
0000
0000
0000
0000
000b
0026
0029
0024
001d
001a
0017
0013
0014
0018
000d
0009
000c
001a
0013
001c
0025
001d
0021
001e
001b
0010
0012
0015
0016
001d
0025
0020
0013
0020
0023
0018
0010
000c
0000
0000
0000
0000
0025
00ac
00e9
00f7
00a3
0059
003a
0033
0034
0024
001c
0017
0016
002f
0025
001d
0016
001b
000e
0004
0007
001b
001b
0012
0013
001b
0019
001c
0010
000b
0003
0000
0000
0014
0024
0021
0027
0028
0020
0017
000a
0000
0000
0027
0017
0028
002b
002f
002c
0025
0027
002a
0022
0024
0018
0018
001e
0023
0026
0027
0026
002e
0030
0027
0026
0024
0022
0026
0023
0029
002c
002b
0025
002c
0029
0021
001d
0018
0000
0000
0000
002a
0063
003b
003f
0012
0000
000b
002a
0031
0036
0035
0030
0032
0034
0038
0035
0038
0032
0030
0028
002c
0026
002b
0025
0022
0023
002c
0023
0026
0021
0018
0010
000a
0014
0019
0027
0029
0029
0031
001c
0021
0000
0000
0000
0000
0000
0000
0000
0000
0000
0000
0000
0000
0000
0000
0000
0000
0000
0000
0000
0000
0000
0000
0000
0000
0000
0000
0000
0000
0000
0000
0000
0000
0000
0000
0000
0000
0000
0000
0000
0000
0000
0000
0000
0000
0000
0000
0000
0000
0000
0000
0000
0000
0000
0000
0000
0000
0000
0000
0000
0000
0000
0000
0000
0000
0000
0000
0000
0000
0000
0000
0000
0000
0000
0000
0000
0000
0000
0000
0000
0000
0000
0000
0000
0000
0000
0000
0000
0000
0000
0000
0000
0000
0000
0000
0000
0000
0000
0000
0000
0000
0000
0000
0000
0000
0000
0000
0000
0000
0000
0000
0000
0000
0000
0000
000d
0016
001d
0058
0028
0008
0015
0000
006d
0000
0000
0000
0000
0000
0000
0000
0000
0000
0000
0000
0000
0000
0000
0000
0000
0000
0000
0000
0000
0000
0000
0000
0000
0000
0000
0000
0001
0000
0000
0000
0000
0000
0000
0000
0000
000b
0000
000c
0000
0000
0000
0000
0000
0000
0000
0000
0000
0000
0000
0000
0000
0000
0000
0000
0000
0000
0000
0000
0000
0000
0000
0000
0000
0000
0000
0000
0000
0000
0000
0000
0000
0007
0007
004c
0094
00a3
00a8
009c
00b4
0084
003b
0007
0000
0000
0000
0000
0000
0000
0000
0000
0000
0000
0000
0000
0000
0000
0000
0000
0000
0000
0000
0000
0000
0000
0000
0000
0006
0005
0005
0000
0000
0000
0000
0000
0000
000d
0000
0000
0000
0000
0000
0000
0000
0000
0000
0000
0000
0009
0000
0000
0000
0000
0000
0000
0000
0000
0000
0000
0000
0000
0000
0000
0000
0000
0000
0000
0000
0000
0000
0000
002d
004a
0032
0055
006d
00b7
00d5
007f
0049
000e
0000
0000
0000
0000
0000
0000
0000
0000
0000
0000
0000
0000
0000
0000
0000
0000
0000
0000
0000
0000
0000
0000
0000
0001
0008
001d
0014
0000
0000
0000
0000
0000
0000
0000
0001
003d
0024
001e
0018
002c
0022
0021
0019
001a
001b
0023
0019
0011
001c
0021
001e
001b
002a
0026
0025
0026
001d
0017
0017
0018
001c
0021
0029
0026
0016
001d
002b
001e
0016
001f
0006
0000
0015
0006
0000
001d
0047
0062
0025
0000
0008
0031
0031
002b
0026
0027
0028
0036
0032
0024
0021
0027
001e
000c
0007
001f
0026
0017
0012
001b
001a
001a
0019
000e
000f
0005
0006
0012
0024
001f
001c
0027
0024
001d
0017
0000
0033
0057
0032
0023
0010
0013
0009
000d
0010
0010
0014
001c
0029
0033
0028
002a
002d
0024
0012
0017
000d
0009
000b
0011
001d
0024
0023
0019
000d
000f
0015
000a
0001
000f
0005
0013
0061
0096
0103
0184
019f
0172
010f
00c1
00a2
0068
0051
0035
0026
002d
002a
0035
002b
0026
0020
0019
001b
000c
0005
000e
000f
0001
0007
0013
000c
000a
0002
0000
0004
0013
0022
003b
0043
0029
0022
0018
000f
0005
0007
0000
000a
0000
0000
0000
0000
0000
0000
0000
0000
0000
0000
0000
0000
0000
0000
0000
0000
0000
0000
0000
0000
0000
0000
0000
0000
0000
0000
0000
0000
0000
0000
0000
0000
0000
0000
0000
004b
00ba
0170
01f8
01f9
019d
00f7
0022
0000
0000
0000
0000
0000
0000
0000
0000
0000
0000
0000
0000
0000
0000
0000
0000
0000
0000
0000
0000
0000
0000
0000
0000
0000
0000
0000
0000
0000
0000
0000
0000
0000
0000
0000
0000
003e
0000
0000
0000
0000
0000
0000
0000
0000
0000
0000
0000
0000
0000
0000
0000
0000
0000
0000
0000
0000
0000
0000
0000
0000
0000
0000
0000
0000
0000
0000
0000
0000
0000
0000
0000
002b
0052
00b0
012b
0139
0104
0079
002b
0017
0000
0000
0000
0000
0000
0000
0000
0000
0000
0000
0000
0000
0000
0000
0000
0000
0000
0000
0000
0000
0000
0000
0000
0000
0000
001c
0018
0005
0000
0000
0000
0000
0000
0000
0000
