0.312500
0.140625
0.078125
0.484375
0.718750
0.812500
0.875000
1.078125
1.093750
1.046875
1.046875
1.125000
1.078125
1.062500
0.984375
1.015625
1.000000
0.859375
0.906250
0.968750
1.031250
0.812500
0.843750
0.734375
0.671875
0.531250
0.625000
0.671875
0.765625
0.703125
0.765625
0.750000
0.734375
0.828125
0.953125
1.000000
1.031250
1.015625
1.078125
1.109375
1.093750
1.078125
1.078125
0.984375
0.984375
0.921875
0.968750
0.859375
0.890625
0.812500
0.765625
0.734375
0.750000
0.843750
0.890625
1.015625
1.031250
0.875000
0.859375
0.875000
0.875000
0.968750
1.031250
0.968750
1.046875
1.015625
0.906250
0.937500
1.015625
0.906250
0.812500
0.609375
0.312500
0.171875
0.078125
0.187500
0.250000
0.171875
0.109375
0.078125
0.000000
0.000000
0.000000
0.000000
0.000000
0.000000
0.046875
0.093750
0.093750
0.406250
0.656250
0.765625
1.000000
1.265625
1.421875
1.531250
1.640625
1.578125
1.500000
1.578125
1.437500
1.250000
1.234375
1.343750
1.500000
1.453125
1.406250
1.468750
1.406250
1.421875
1.437500
1.421875
1.359375
1.343750
1.250000
1.187500
1.234375
1.093750
0.968750
0.953125
1.000000
0.984375
0.968750
0.984375
0.921875
0.812500
0.781250
0.828125
0.843750
0.796875
0.796875
0.859375
0.921875
0.843750
0.812500
0.781250
0.796875
0.750000
0.609375
0.562500
0.375000
0.265625
0.093750
0.093750
0.203125
0.421875
0.500000
0.609375
0.687500
0.734375
0.796875
0.875000
0.906250
1.046875
1.031250
0.921875
0.921875
1.046875
0.968750
0.703125
0.343750
0.406250
0.640625
0.953125
0.937500
0.843750
1.015625
1.109375
1.078125
0.890625
0.843750
1.000000
0.921875
0.750000
0.734375
0.750000
0.796875
0.703125
0.593750
0.765625
0.843750
0.625000
0.562500
0.515625
0.437500
0.453125
0.671875
0.781250
0.859375
0.765625
0.656250
0.718750
0.906250
0.937500
1.015625
1.093750
0.906250
0.843750
1.015625
1.046875
1.000000
0.890625
0.828125
0.687500
0.640625
0.640625
0.640625
0.734375
0.734375
0.703125
0.640625
0.687500
0.843750
0.921875
0.984375
0.984375
0.812500
0.687500
0.609375
0.812500
0.921875
0.953125
0.937500
0.859375
0.687500
0.656250
0.593750
0.703125
0.593750
0.281250
0.000000
0.000000
0.000000
0.000000
0.000000
0.000000
0.000000
0.000000
0.000000
0.000000
0.078125
0.296875
0.515625
0.640625
1.359375
1.187500
0.406250
0.203125
0.687500
1.265625
1.375000
1.375000
1.640625
1.765625
1.703125
1.640625
1.468750
1.406250
1.359375
1.375000
1.281250
1.093750
1.203125
1.562500
1.718750
1.578125
1.406250
1.406250
1.312500
1.156250
1.187500
1.203125
1.250000
1.078125
0.937500
0.734375
0.625000
0.531250
0.531250
0.781250
0.968750
0.906250
0.781250
0.625000
0.578125
0.578125
0.625000
0.703125
0.781250
0.640625
0.609375
0.703125
0.703125
0.625000
0.375000
0.312500
0.312500
0.375000
0.296875
0.062500
0.046875
0.046875
0.078125
0.218750
0.390625
0.781250
0.796875
0.703125
0.703125
0.750000
0.828125
0.890625
1.000000
0.921875
0.796875
0.656250
0.718750
0.687500
0.515625
0.109375
