0000
000d
0000
0000
0000
0000
0000
0000
0000
0000
0000
0000
0000
0000
0000
0000
0000
0000
0000
0000
0000
0000
0000
0000
0000
0000
0000
0000
0000
0000
0000
0000
0000
0000
0004
0000
0019
0063
0054
0057
0057
0050
00a3
0030
0008
0000
0000
0000
0000
0000
0000
0000
0000
0000
0000
0000
0000
0000
0000
0000
0000
0000
0000
0000
0000
0000
0000
0000
0000
0000
0000
0000
0000
0000
0000
0000
0000
0000
0000
0000
006d
00e0
010a
010e
010e
00fb
00e8
00d0
00ca
00c3
00b1
009c
00a6
00c1
00d2
00de
00fb
010d
010f
010f
00f7
00d9
00c1
00bd
00be
00ca
00e2
00e7
00d8
00d8
00e7
00d8
00c3
009e
0061
0024
0007
0033
0028
0009
0031
0077
00e0
013b
0166
01b7
01ef
01f1
01d0
01ae
01a6
01bd
01cd
01b1
018e
016d
0148
0109
00d9
00ce
00cd
00b9
00a3
00a6
00a3
009b
007d
0061
003c
0020
000f
0043
0083
00b6
00c4
00d5
00d4
00c6
0091
0040
0000
0000
0000
0000
0000
0000
0000
0000
0000
0000
0000
0000
0000
0000
0000
0000
0000
0000
0000
0000
0000
0000
0000
0000
0000
0000
0000
0000
0000
0000
0000
0000
0000
0000
0000
0000
0000
0000
0000
0000
0000
0000
0002
0000
0000
0000
0000
0000
0000
0000
0000
0000
0000
0000
0000
0000
0000
0000
0000
0000
0000
0000
0000
0000
0000
0000
0000
0000
0000
0000
0000
0000
0000
0000
0000
0000
0000
0000
0000
0000
0000
0027
0017
0028
002b
002f
002c
0025
0027
002a
0022
0024
0018
0018
001e
0023
0026
0027
0026
002e
0030
0027
0026
0024
0022
0026
0023
0029
002c
002b
0025
002c
0029
0021
001d
0018
0000
0000
0000
002a
0063
003b
003f
0012
0000
000b
002a
0031
0036
0035
0030
0032
0034
0038
0035
0038
0032
0030
0028
002c
0026
002b
0025
0022
0023
002c
0023
0026
0021
0018
0010
000a
0014
0019
0027
0029
0029
0031
001c
0021
0000
0000
0000
0000
0000
0000
0000
0000
0000
0000
0000
0000
0000
0000
0000
0000
0000
0000
0000
0000
0000
0000
0000
0000
0000
0000
0000
0000
0000
0000
0000
0000
0000
0000
000d
0016
001d
0058
0028
0008
0015
0000
006d
0000
0000
0000
0000
0000
0000
0000
0000
0000
0000
0000
0000
0000
0000
0000
0000
0000
0000
0000
0000
0000
0000
0000
0000
0000
0000
0000
0001
0000
0000
0000
0000
0000
0000
0000
0000
000b
0000
0000
0000
0000
0000
0000
0000
0000
0000
0000
0000
0009
0000
0000
0000
0000
0000
0000
0000
0000
0000
0000
0000
0000
0000
0000
0000
0000
0000
0000
0000
0000
0000
0000
002d
004a
0032
0055
006d
00b7
00d5
007f
0049
000e
0000
0000
0000
0000
0000
0000
0000
0000
0000
0000
0000
0000
0000
0000
0000
0000
0000
0000
0000
0000
0000
0000
0000
0001
0008
001d
0014
0000
0000
0000
0000
0000
0000
0000
0001
003d
0033
0057
0032
0023
0010
0013
0009
000d
0010
0010
0014
001c
0029
0033
0028
002a
002d
0024
0012
0017
000d
0009
000b
0011
001d
0024
0023
0019
000d
000f
0015
000a
0001
000f
0005
0013
0061
0096
0103
0184
019f
0172
010f
00c1
00a2
0068
0051
0035
0026
002d
002a
0035
002b
0026
0020
0019
001b
000c
0005
000e
000f
0001
0007
0013
000c
000a
0002
0000
0004
0013
0022
003b
0043
0029
0022
0018
000f
0005
0007
0000
003e
0000
0000
0000
0000
0000
0000
0000
0000
0000
0000
0000
0000
0000
0000
0000
0000
0000
0000
0000
0000
0000
0000
0000
0000
0000
0000
0000
0000
0000
0000
0000
0000
0000
0000
0000
002b
0052
00b0
012b
0139
0104
0079
002b
0017
0000
0000
0000
0000
0000
0000
0000
0000
0000
0000
0000
0000
0000
0000
0000
0000
0000
0000
0000
0000
0000
0000
0000
0000
0000
001c
0018
0005
0000
0000
0000
0000
0000
0000
0000
