1.265625
3.031250
5.593750
4.921875
4.343750
3.015625
2.656250
2.109375
1.750000
1.296875
1.421875
1.796875
2.093750
2.171875
2.718750
3.000000
3.046875
2.968750
2.812500
2.453125
2.406250
2.421875
2.390625
2.453125
2.281250
2.390625
2.703125
2.843750
2.812500
2.546875
1.609375
0.796875
0.218750
0.000000
0.000000
0.000000
0.000000
0.000000
0.000000
0.000000
0.000000
0.000000
0.000000
0.000000
6.015625
7.234375
6.046875
4.875000
4.421875
4.328125
3.656250
2.671875
2.218750
2.078125
1.562500
1.375000
1.250000
1.718750
2.171875
1.984375
1.968750
2.171875
2.171875
1.968750
1.812500
1.218750
1.078125
0.312500
0.000000
0.000000
0.000000
0.453125
2.546875
4.453125
4.812500
3.515625
1.406250
0.000000
0.000000
0.000000
0.000000
0.000000
0.000000
0.000000
0.000000
0.000000
0.000000
0.000000
0.000000
0.000000
0.000000
0.000000
0.000000
0.000000
0.000000
0.000000
0.000000
0.000000
0.000000
0.000000
0.000000
0.000000
0.000000
0.000000
0.000000
0.000000
0.000000
0.000000
0.000000
0.000000
0.000000
0.000000
0.000000
0.000000
0.000000
0.000000
2.703125
3.296875
0.000000
0.000000
0.000000
0.000000
0.000000
0.000000
0.000000
0.000000
0.000000
0.000000
0.000000
0.000000
0.000000
0.000000
0.000000
0.000000
0.000000
0.000000
0.000000
0.000000
0.000000
0.000000
0.000000
0.000000
0.000000
0.000000
0.000000
0.000000
0.000000
0.000000
0.000000
0.000000
0.000000
0.000000
0.000000
0.000000
0.000000
0.000000
0.000000
0.000000
0.000000
0.000000
0.843750
0.000000
0.000000
0.000000
0.000000
0.000000
0.000000
0.000000
0.000000
0.000000
0.000000
0.000000
0.000000
0.000000
0.000000
0.000000
0.000000
0.000000
0.000000
0.000000
0.000000
0.000000
0.000000
0.000000
0.000000
0.000000
0.000000
0.000000
0.000000
0.000000
0.000000
0.000000
0.000000
0.000000
0.000000
2.031250
5.843750
8.875000
8.156250
13.281250
15.984375
11.015625
7.937500
3.031250
0.000000
0.000000
0.000000
0.000000
0.000000
0.000000
0.000000
0.000000
0.000000
0.000000
0.000000
0.000000
0.000000
0.000000
0.000000
0.000000
0.000000
0.000000
0.000000
0.000000
0.000000
0.000000
0.000000
0.000000
0.281250
1.484375
1.046875
0.000000
0.000000
0.000000
0.000000
0.000000
0.000000
0.000000
0.046875
0.906250
0.000000
0.765625
0.000000
0.000000
0.000000
0.125000
0.765625
0.500000
0.296875
0.000000
0.000000
0.000000
0.000000
0.000000
0.000000
0.000000
0.218750
0.390625
0.718750
0.953125
0.875000
0.578125
0.250000
0.062500
0.000000
0.000000
0.000000
0.093750
0.468750
0.484375
0.031250
0.000000
0.000000
0.000000
0.000000
0.000000
0.000000
0.000000
0.000000
0.000000
0.000000
0.671875
6.171875
14.421875
15.765625
9.578125
1.046875
1.843750
2.125000
2.125000
1.609375
1.031250
0.937500
1.265625
1.843750
2.062500
1.937500
1.359375
1.406250
1.218750
0.828125
0.375000
0.546875
0.671875
0.562500
0.000000
0.000000
0.000000
0.000000
0.000000
0.000000
1.250000
1.859375
1.265625
0.000000
0.000000
0.000000
0.000000
0.000000
0.046875
