0.953125
1.031250
1.078125
0.968750
0.796875
0.750000
0.734375
0.734375
0.687500
0.718750
0.687500
0.625000
0.593750
0.578125
0.546875
0.531250
0.546875
0.546875
0.484375
0.484375
0.500000
0.531250
0.562500
0.656250
0.687500
0.718750
0.718750
0.734375
0.750000
0.734375
0.734375
0.718750
0.750000
0.765625
0.781250
0.718750
0.750000
0.734375
0.671875
0.625000
0.609375
0.593750
0.593750
0.609375
0.546875
0.500000
0.484375
0.515625
0.562500
0.593750
0.593750
0.593750
0.625000
0.625000
0.609375
0.593750
0.593750
0.562500
0.515625
0.515625
0.531250
0.531250
0.500000
0.468750
0.484375
0.406250
0.375000
0.359375
0.359375
0.343750
0.437500
0.406250
0.453125
0.796875
1.281250
1.640625
1.843750
1.812500
1.875000
2.015625
2.109375
2.187500
2.156250
2.343750
2.437500
2.125000
1.890625
1.984375
1.937500
1.750000
1.625000
1.703125
1.625000
1.578125
1.546875
1.453125
1.421875
1.390625
1.312500
1.296875
1.375000
1.343750
1.281250
1.328125
1.312500
1.312500
1.281250
1.296875
1.218750
1.171875
1.093750
1.093750
1.031250
0.984375
0.984375
0.859375
0.781250
0.656250
0.531250
0.421875
0.437500
0.437500
0.421875
0.437500
0.406250
0.359375
0.343750
0.359375
0.343750
0.343750
0.312500
0.250000
0.203125
0.234375
0.218750
0.156250
0.109375
0.171875
0.203125
0.234375
0.390625
0.437500
0.484375
0.562500
0.640625
0.625000
0.578125
0.578125
0.531250
0.500000
0.484375
0.484375
0.453125
0.453125
0.421875
0.421875
0.359375
0.343750
0.343750
0.281250
