0.765625
0.765625
0.515625
0.000000
0.000000
0.000000
0.000000
0.000000
0.000000
0.000000
0.000000
0.000000
0.000000
0.000000
0.000000
0.000000
0.000000
0.000000
0.000000
0.000000
0.000000
0.000000
0.000000
0.000000
0.000000
0.000000
0.000000
0.000000
0.000000
0.000000
0.000000
0.000000
0.000000
0.000000
0.000000
0.812500
0.812500
0.921875
1.562500
1.828125
2.812500
2.812500
2.812500
2.718750
1.296875
0.000000
0.000000
0.000000
0.000000
0.000000
0.000000
0.000000
0.000000
0.000000
0.000000
0.000000
0.000000
0.000000
0.000000
0.000000
0.000000
0.000000
0.000000
0.000000
0.000000
0.000000
0.000000
0.000000
0.000000
0.000000
0.187500
0.187500
0.187500
0.000000
0.000000
0.000000
0.000000
0.000000
0.000000
0.000000
3.203125
3.390625
3.390625
3.390625
3.296875
3.203125
3.109375
2.921875
2.734375
2.468750
2.437500
2.343750
2.562500
2.687500
2.968750
3.156250
3.218750
3.218750
3.218750
3.171875
3.125000
3.109375
2.828125
2.531250
2.734375
2.796875
2.812500
2.812500
2.812500
2.781250
2.781250
2.781250
2.781250
2.546875
1.953125
1.234375
1.062500
1.000000
1.390625
2.343750
2.703125
3.671875
3.671875
5.109375
5.703125
5.703125
5.703125
5.703125
5.640625
5.484375
5.171875
5.171875
5.171875
5.171875
5.109375
4.750000
4.390625
4.062500
3.656250
2.906250
2.609375
2.500000
2.500000
2.265625
2.093750
2.078125
2.015625
1.921875
1.562500
1.187500
1.625000
2.359375
2.515625
2.656250
2.656250
2.656250
2.640625
2.593750
2.531250
1.718750
0.718750
0.718750
0.734375
0.875000
0.906250
0.906250
0.906250
0.859375
0.796875
0.796875
0.750000
0.640625
0.453125
0.500000
0.671875
0.718750
0.750000
0.828125
0.906250
0.921875
0.921875
0.921875
0.859375
0.703125
0.656250
0.671875
0.703125
0.781250
0.843750
0.843750
0.843750
0.843750
0.890625
0.984375
0.984375
1.781250
2.500000
2.500000
2.500000
2.453125
3.125000
3.125000
3.125000
2.718750
2.015625
0.906250
1.093750
1.296875
1.296875
1.296875
1.296875
1.281250
1.359375
1.359375
1.359375
1.234375
1.234375
1.187500
1.031250
0.906250
0.843750
0.828125
0.828125
0.625000
0.609375
0.609375
0.609375
0.593750
0.578125
0.328125
0.328125
0.343750
0.343750
0.593750
0.656250
0.750000
0.812500
1.031250
1.031250
1.031250
3.843750
3.843750
3.843750
3.546875
3.062500
2.906250
2.625000
2.453125
2.187500
2.125000
2.125000
2.328125
2.437500
2.531250
2.875000
3.031250
3.046875
3.046875
3.046875
2.906250
2.781250
2.734375
2.328125
2.218750
2.562500
2.562500
2.562500
2.562500
2.562500
2.484375
2.484375
2.453125
2.453125
2.109375
2.500000
3.984375
6.140625
9.640625
10.609375
11.437500
13.515625
13.515625
13.515625
13.281250
10.234375
7.187500
6.406250
5.562500
5.359375
4.953125
4.859375
4.859375
4.859375
4.859375
4.671875
4.203125
3.843750
3.546875
3.062500
2.562500
2.171875
2.078125
2.078125
1.828125
1.703125
1.703125
1.562500
1.484375
1.140625
1.421875
2.328125
2.562500
2.578125
2.578125
2.578125
2.500000
2.390625
2.312500
2.250000
2.250000
2.750000
2.906250
2.906250
2.953125
2.953125
2.953125
2.796875
2.578125
2.500000
2.453125
2.390625
2.250000
2.375000
2.437500
2.625000
2.921875
3.015625
3.015625
3.015625
2.984375
2.875000
2.750000
2.500000
2.515625
2.656250
2.843750
2.843750
2.843750
2.750000
2.703125
2.703125
2.703125
2.609375
2.390625
1.921875
1.453125
1.328125
1.296875
2.234375
5.265625
6.000000
6.203125
6.203125
6.203125
4.234375
4.718750
4.718750
4.718750
4.531250
4.312500
4.593750
4.593750
4.593750
4.515625
4.140625
3.750000
3.484375
3.078125
2.359375
2.468750
2.468750
2.468750
2.343750
2.250000
2.250000
2.250000
2.078125
1.765625
1.546875
1.203125
1.500000
2.031250
2.296875
2.515625
2.656250
2.671875
2.671875
2.671875
2.437500
1.828125
0.156250
0.437500
0.437500
0.437500
0.000000
0.000000
0.000000
0.000000
0.000000
0.000000
0.000000
0.000000
0.000000
0.000000
0.000000
0.000000
0.000000
0.000000
0.000000
0.000000
0.000000
0.000000
0.000000
0.000000
0.000000
0.000000
0.000000
0.000000
0.000000
0.000000
0.000000
0.000000
0.000000
0.000000
0.000000
0.593750
3.687500
3.687500
3.687500
3.203125
1.750000
4.890625
4.890625
4.890625
4.234375
2.671875
1.703125
1.375000
0.937500
0.234375
0.000000
0.031250
0.156250
0.156250
0.156250
0.031250
0.031250
0.031250
0.000000
0.000000
0.000000
0.000000
0.000000
0.000000
0.000000
0.000000
0.000000
0.000000
0.000000
0.000000
0.000000
0.000000
0.046875
0.046875
0.046875
0.000000
0.000000
0.000000
0.000000
0.000000
1.859375
1.890625
1.890625
1.890625
1.812500
1.812500
1.765625
1.687500
1.687500
1.625000
1.656250
1.656250
1.656250
1.750000
1.890625
1.890625
1.906250
1.968750
1.968750
1.968750
1.703125
1.703125
1.703125
1.734375
1.875000
1.875000
1.875000
1.890625
1.921875
1.921875
1.921875
1.703125
1.703125
1.703125
1.765625
1.765625
2.171875
4.515625
5.453125
7.843750
7.843750
7.843750
6.984375
6.640625
3.531250
2.609375
2.468750
2.468750
2.343750
2.671875
2.671875
2.671875
2.359375
2.359375
2.359375
2.203125
1.765625
1.640625
1.640625
1.640625
1.812500
1.812500
1.812500
1.640625
1.562500
1.562500
1.453125
1.328125
1.328125
1.484375
1.515625
1.515625
1.625000
1.906250
1.906250
1.906250
1.765625
1.765625
1.515625
0.984375
0.000000
0.000000
0.000000
0.000000
0.000000
0.000000
0.000000
0.000000
0.000000
0.000000
0.000000
0.000000
0.000000
0.000000
0.000000
0.000000
0.000000
0.000000
0.000000
0.000000
0.000000
0.000000
0.000000
0.000000
0.000000
0.000000
0.000000
0.000000
0.000000
0.000000
0.000000
0.000000
0.000000
0.000000
0.421875
2.578125
6.093750
8.453125
9.500000
9.500000
9.500000
8.218750
6.031250
3.828125
0.125000
0.000000
0.000000
0.000000
0.000000
0.000000
0.000000
0.000000
0.000000
0.000000
0.000000
0.000000
0.000000
0.000000
0.000000
0.000000
0.000000
0.000000
0.000000
0.000000
0.000000
0.000000
0.000000
0.000000
0.000000
0.000000
0.000000
0.000000
0.000000
0.000000
0.000000
0.000000
0.000000
0.000000
0.000000
0.000000
1.234375
1.937500
2.703125
2.953125
3.093750
3.093750
3.093750
2.921875
2.718750
2.500000
2.250000
2.093750
1.890625
2.015625
2.250000
2.625000
2.843750
3.000000
3.093750
3.093750
3.093750
2.968750
2.859375
2.500000
2.296875
2.406250
2.671875
2.718750
2.718750
2.718750
2.703125
2.703125
2.656250
2.281250
1.859375
0.656250
0.000000
0.000000
0.000000
0.000000
0.000000
0.000000
0.000000
0.921875
2.234375
3.687500
4.578125
4.734375
4.750000
4.750000
4.750000
4.609375
4.750000
4.750000
4.750000
4.500000
4.046875
3.781250
3.453125
3.000000
2.546875
2.484375
2.453125
2.265625
2.218750
2.046875
1.953125
1.859375
1.406250
0.875000
0.359375
0.703125
1.359375
2.046875
2.343750
2.484375
2.484375
2.484375
2.171875
2.000000
0.000000
0.000000
0.000000
0.000000
0.000000
0.000000
0.000000
0.000000
0.000000
0.000000
0.000000
0.000000
0.000000
0.000000
0.000000
0.000000
0.000000
0.000000
0.000000
0.000000
0.000000
0.000000
0.000000
0.000000
0.000000
0.000000
0.000000
0.000000
0.000000
0.000000
0.000000
0.000000
0.453125
2.109375
3.500000
5.703125
9.250000
11.328125
11.328125
11.328125
8.156250
0.000000
0.000000
0.000000
0.000000
0.000000
0.000000
0.000000
0.000000
0.000000
0.000000
0.000000
0.000000
0.000000
0.000000
0.000000
0.000000
0.000000
0.000000
0.000000
0.000000
0.000000
0.000000
0.000000
0.000000
0.125000
0.921875
1.546875
1.546875
1.546875
1.265625
0.359375
0.000000
0.000000
0.000000
0.000000
0.000000
0.953125
1.500000
1.500000
0.750000
0.750000
0.750000
0.328125
0.171875
0.171875
0.015625
0.125000
0.140625
0.140625
0.140625
0.218750
0.343750
0.343750
0.343750
0.265625
0.312500
0.312500
0.312500
0.218750
0.203125
0.031250
0.031250
0.093750
0.250000
0.281250
0.281250
0.281250
0.171875
0.171875
0.171875
0.171875
0.171875
0.531250
1.328125
3.093750
3.140625
3.140625
3.140625
0.000000
0.000000
1.609375
1.609375
1.609375
1.312500
1.125000
1.031250
1.031250
0.609375
0.640625
0.796875
0.890625
0.890625
0.890625
0.625000
0.359375
0.359375
0.281250
0.000000
0.046875
0.046875
0.046875
0.031250
0.046875
0.046875
0.046875
0.000000
0.000000
0.000000
0.000000
0.187500
0.250000
0.250000
0.250000
0.109375
0.062500
0.187500
0.187500
0.187500
0.000000
0.000000
0.000000
0.000000
0.000000
0.000000
0.000000
0.000000
0.000000
0.000000
0.000000
0.000000
0.000000
0.000000
0.000000
0.000000
0.000000
0.000000
0.000000
0.000000
0.000000
0.000000
0.000000
0.000000
0.000000
0.000000
0.000000
0.000000
0.000000
0.000000
0.000000
0.000000
0.000000
0.656250
0.953125
1.390625
3.734375
3.734375
3.734375
2.093750
0.000000
0.000000
0.000000
0.000000
0.000000
0.000000
0.000000
0.000000
0.000000
0.000000
0.000000
0.000000
0.000000
0.000000
0.000000
0.000000
0.000000
0.000000
0.000000
0.000000
0.000000
0.000000
0.000000
0.000000
0.000000
0.000000
0.109375
0.296875
0.703125
0.703125
0.703125
0.359375
0.000000
0.000000
0.000000
0.000000
0.000000
0.390625
0.734375
0.734375
0.734375
0.656250
0.656250
0.000000
0.000000
0.000000
0.000000
0.000000
0.000000
0.000000
0.000000
0.000000
0.000000
0.000000
0.000000
0.000000
0.000000
0.000000
0.000000
0.000000
0.000000
0.000000
0.000000
0.000000
0.000000
0.000000
0.000000
0.000000
0.000000
0.000000
0.000000
0.000000
0.000000
0.000000
0.000000
0.000000
0.000000
0.000000
0.000000
0.000000
3.843750
6.703125
6.703125
6.703125
5.234375
0.796875
0.000000
0.000000
0.000000
0.000000
0.000000
0.000000
0.000000
0.000000
0.000000
0.000000
0.000000
0.000000
0.000000
0.000000
0.000000
0.000000
0.000000
0.000000
0.000000
0.000000
0.000000
0.000000
0.000000
0.359375
0.781250
0.781250
0.781250
0.671875
0.000000
0.000000
0.000000
0.000000
0.000000
0.000000
0.000000
0.265625
0.687500
0.687500
0.687500
0.000000
0.000000
0.000000
0.000000
0.000000
0.000000
0.000000
0.000000
0.000000
0.000000
0.000000
0.000000
0.000000
0.000000
0.000000
0.000000
0.000000
0.000000
0.000000
0.000000
0.000000
0.000000
0.000000
0.000000
0.000000
0.000000
0.000000
0.000000
0.000000
0.984375
1.468750
1.718750
3.062500
5.968750
6.937500
6.937500
6.937500
2.515625
0.000000
0.000000
0.000000
0.000000
0.000000
0.000000
0.000000
0.000000
0.000000
0.000000
0.000000
0.000000
0.000000
0.000000
0.000000
0.000000
0.000000
0.000000
0.000000
0.000000
0.000000
0.000000
0.000000
0.000000
0.000000
0.000000
0.000000
0.000000
0.000000
0.000000
0.062500
0.062500
0.062500
0.000000
0.000000
0.000000
0.000000
0.000000
0.000000
0.000000
1.171875
1.468750
1.828125
2.203125
2.203125
2.203125
2.171875
1.984375
1.640625
1.390625
1.093750
0.812500
0.515625
0.906250
1.093750
1.593750
2.109375
2.187500
2.187500
2.187500
2.171875
1.968750
1.578125
1.281250
1.500000
1.812500
1.937500
2.062500
2.109375
2.312500
2.750000
2.750000
2.750000
3.812500
3.812500
3.812500
1.890625
0.000000
0.000000
0.000000
0.000000
0.000000
0.000000
0.000000
0.031250
1.593750
1.640625
1.640625
1.687500
1.875000
2.343750
2.890625
3.140625
3.140625
3.140625
3.140625
2.984375
2.750000
2.312500
2.078125
2.265625
2.265625
2.265625
2.546875
2.546875
2.546875
2.218750
1.640625
0.828125
0.000000
0.000000
0.593750
1.250000
1.890625
1.984375
2.531250
2.531250
2.531250
2.015625
2.015625
1.406250
1.062500
0.000000
0.000000
0.000000
0.000000
0.000000
0.000000
0.000000
0.000000
0.000000
0.000000
0.000000
0.000000
0.000000
0.000000
0.000000
0.000000
0.000000
0.000000
0.000000
0.000000
0.000000
0.000000
0.000000
0.000000
0.000000
0.000000
0.000000
0.000000
0.000000
0.000000
0.000000
0.000000
0.000000
0.000000
0.000000
0.000000
0.000000
2.703125
3.625000
3.625000
3.625000
0.343750
0.000000
0.000000
0.000000
0.000000
0.000000
0.000000
0.000000
0.000000
0.000000
0.000000
0.000000
0.000000
0.000000
0.000000
0.000000
0.000000
0.000000
0.000000
0.000000
0.000000
0.000000
0.000000
0.000000
0.140625
0.921875
1.468750
1.468750
1.468750
0.921875
0.000000
0.000000
0.000000
0.000000
0.000000
