2.468750
3.546875
1.531250
-1.187500
1.843750
5.562500
7.750000
9.812500
6.125000
1.328125
1.671875
4.671875
7.171875
8.750000
9.250000
9.375000
2.546875
-4.546875
-0.390625
-5.609375
-4.156250
-0.218750
-16.109375
11.984375
7.593750
3.781250
6.781250
5.171875
3.265625
4.687500
6.875000
6.484375
2.109375
1.218750
3.546875
7.296875
10.203125
7.531250
-1.140625
-4.171875
-4.843750
-8.296875
-11.140625
-11.890625
-11.078125
-11.515625
-7.750000
-8.546875
-10.578125
-11.156250
-12.484375
-10.984375
-10.687500
-11.875000
-12.187500
-16.718750
-26.312500
-33.156250
-18.781250
-25.625000
-14.921875
-1.281250
-33.765625
-10.843750
-12.125000
-15.859375
-13.234375
-13.250000
-13.796875
-12.437500
-11.718750
-10.984375
-12.015625
-9.625000
-7.796875
-6.703125
-7.265625
-8.593750
-12.250000
1.109375
8.343750
12.421875
6.546875
-4.156250
-5.484375
-4.390625
-0.953125
1.500000
0.390625
-5.703125
-6.734375
-6.031250
-3.562500
-2.390625
-3.625000
-8.859375
-12.093750
-24.609375
-5.828125
-13.750000
3.578125
18.125000
24.750000
36.156250
9.984375
0.546875
-5.671875
-9.593750
-9.765625
-8.312500
-4.046875
-3.796875
-8.703125
-7.890625
-6.453125
0.640625
9.453125
15.375000
-2.421875
-2.156250
-4.609375
-6.031250
-4.484375
-1.765625
0.921875
2.125000
0.328125
-3.671875
-4.390625
-1.578125
1.234375
1.390625
0.296875
-2.484375
-4.218750
-2.906250
-5.281250
-4.437500
3.500000
6.593750
-4.687500
-2.546875
7.468750
-14.890625
-8.937500
-4.343750
-5.375000
-1.906250
2.968750
3.140625
2.937500
2.812500
3.453125
1.921875
1.421875
-0.921875
-4.500000
-7.234375
-5.390625
-0.531250
