0.203125
0.437500
0.421875
0.453125
0.453125
0.468750
0.500000
0.468750
0.515625
0.484375
0.500000
0.437500
0.437500
0.421875
0.406250
0.390625
0.375000
0.359375
0.343750
0.359375
0.312500
0.343750
0.328125
0.328125
0.359375
0.375000
0.390625
0.437500
0.453125
0.468750
0.453125
0.468750
0.484375
0.484375
0.484375
0.500000
0.500000
0.500000
0.484375
0.453125
0.484375
0.437500
0.421875
0.390625
0.359375
0.359375
0.343750
0.359375
0.359375
0.359375
0.359375
0.375000
0.390625
0.406250
0.421875
0.421875
0.406250
0.375000
0.375000
0.375000
0.375000
0.375000
0.375000
0.390625
0.328125
0.312500
0.265625
0.265625
0.218750
0.203125
0.093750
0.000000
0.000000
0.000000
0.000000
0.000000
0.000000
0.000000
0.000000
0.000000
0.000000
0.000000
0.000000
0.000000
0.000000
0.203125
0.562500
0.734375
0.812500
0.906250
0.937500
1.015625
1.046875
1.109375
1.125000
1.125000
1.078125
1.031250
1.031250
1.031250
1.000000
0.953125
0.968750
0.968750
0.968750
1.000000
1.000000
0.984375
0.921875
0.875000
0.828125
0.796875
0.765625
0.734375
0.656250
0.609375
0.531250
0.437500
0.390625
0.343750
0.312500
0.328125
0.328125
0.312500
0.281250
0.250000
0.265625
0.250000
0.234375
0.234375
0.187500
0.171875
0.156250
0.171875
0.140625
0.109375
0.062500
0.046875
0.031250
0.062500
0.062500
0.062500
0.093750
0.156250
0.218750
0.250000
0.281250
0.296875
0.312500
0.296875
0.296875
0.312500
0.328125
0.312500
0.312500
0.281250
0.281250
0.234375
0.187500
0.093750
0.171875
0.109375
0.140625
0.140625
0.125000
0.125000
0.140625
0.140625
0.125000
0.140625
0.109375
0.125000
0.125000
0.093750
0.093750
0.093750
0.093750
0.093750
0.093750
0.093750
0.109375
0.093750
0.109375
0.109375
0.109375
0.093750
0.109375
0.140625
0.140625
0.140625
0.140625
0.125000
0.156250
0.156250
0.109375
0.140625
0.140625
0.109375
0.140625
0.140625
0.109375
0.140625
0.125000
0.078125
0.093750
0.109375
0.093750
0.109375
0.109375
0.093750
0.093750
0.109375
0.109375
0.140625
0.109375
0.093750
0.109375
0.125000
0.093750
0.109375
0.093750
0.093750
0.093750
0.093750
0.093750
0.078125
0.062500
0.062500
0.062500
0.015625
0.000000
0.000000
0.000000
0.000000
0.000000
0.000000
0.000000
0.000000
0.000000
0.000000
0.000000
0.000000
0.000000
0.078125
0.250000
0.265625
0.265625
0.218750
0.234375
0.281250
0.281250
0.281250
0.312500
0.296875
0.281250
0.281250
0.281250
0.250000
0.250000
0.250000
0.250000
0.234375
0.250000
0.250000
0.281250
0.265625
0.250000
0.250000
0.234375
0.187500
0.218750
0.187500
0.171875
0.171875
0.140625
0.109375
0.125000
0.093750
0.078125
0.093750
0.109375
0.093750
0.109375
0.062500
0.062500
0.046875
0.046875
0.046875
0.062500
0.046875
0.015625
0.046875
0.062500
0.031250
0.046875
0.015625
0.015625
0.046875
0.046875
0.015625
0.031250
0.031250
0.031250
0.062500
0.093750
0.109375
0.125000
0.109375
0.109375
0.109375
0.109375
0.109375
0.109375
0.093750
0.078125
0.062500
0.046875
0.046875
0.046875
0.000000
