12.078125
13.140625
15.796875
13.234375
5.453125
4.578125
4.109375
7.109375
9.734375
8.203125
6.890625
5.671875
5.421875
6.531250
7.531250
8.765625
6.390625
5.390625
17.734375
15.671875
6.984375
31.109375
34.375000
36.968750
33.562500
19.671875
10.218750
9.453125
11.125000
8.125000
5.046875
2.843750
3.125000
2.609375
4.453125
9.640625
15.171875
19.562500
18.671875
9.687500
6.343750
4.687500
1.812500
0.000000
0.000000
1.250000
4.062500
4.906250
3.171875
0.000000
0.000000
2.046875
3.140625
3.140625
6.765625
12.265625
16.828125
12.265625
10.640625
4.500000
8.781250
9.765625
2.546875
0.000000
4.046875
0.000000
0.000000
0.000000
0.000000
0.000000
1.328125
4.421875
3.437500
4.343750
4.984375
5.328125
11.187500
6.156250
0.000000
0.000000
0.312500
1.515625
2.593750
2.109375
1.906250
1.359375
1.562500
1.843750
2.406250
2.156250
1.812500
1.968750
2.265625
2.328125
2.234375
2.156250
1.203125
1.078125
0.000000
1.328125
6.187500
10.125000
20.421875
11.750000
2.937500
3.562500
2.828125
1.250000
0.406250
1.375000
2.140625
1.906250
1.593750
1.359375
0.796875
0.000000
2.500000
2.187500
2.000000
0.453125
2.687500
3.343750
5.953125
0.140625
0.000000
0.000000
0.000000
0.000000
1.765625
0.000000
0.000000
0.000000
0.000000
0.000000
0.000000
0.000000
0.000000
1.687500
13.171875
17.953125
10.125000
14.000000
20.515625
22.125000
18.703125
11.578125
2.187500
0.000000
0.000000
0.000000
0.000000
0.000000
0.000000
0.000000
0.000000
1.671875
0.812500
6.218750
7.406250
3.828125
1.046875
2.109375
3.234375
2.562500
9.625000
12.687500
12.343750
9.875000
11.250000
9.531250
11.015625
14.250000
14.703125
12.687500
12.078125
4.296875
2.953125
1.734375
0.000000
1.984375
0.000000
1.296875
4.062500
8.171875
11.687500
7.156250
3.562500
5.218750
7.296875
11.421875
13.265625
12.828125
10.921875
6.593750
8.812500
11.046875
5.140625
4.593750
3.968750
2.921875
5.406250
2.000000
0.156250
0.000000
0.000000
0.703125
1.421875
1.468750
0.812500
0.796875
0.203125
0.093750
0.359375
0.156250
0.046875
0.000000
0.000000
0.000000
12.734375
27.187500
36.343750
30.953125
16.078125
4.078125
2.859375
1.500000
1.078125
2.046875
1.546875
0.484375
0.000000
0.000000
0.000000
0.000000
0.156250
4.500000
4.562500
0.000000
0.000000
0.000000
2.015625
1.890625
1.968750
2.921875
1.765625
1.281250
0.203125
0.296875
1.640625
2.562500
2.984375
1.906250
1.015625
1.765625
2.109375
2.906250
4.046875
5.078125
0.000000
0.000000
0.000000
0.218750
4.859375
1.937500
2.750000
2.250000
4.046875
5.312500
5.546875
4.078125
2.593750
2.828125
2.921875
3.531250
1.093750
0.343750
2.125000
1.078125
3.250000
2.968750
7.265625
9.546875
11.296875
10.406250
7.750000
7.515625
8.171875
7.437500
8.125000
8.328125
7.578125
7.968750
8.578125
8.250000
7.671875
10.250000
15.187500
20.937500
29.656250
33.171875
33.265625
39.093750
37.734375
36.171875
29.421875
14.390625
4.265625
4.312500
5.593750
6.875000
6.921875
7.765625
6.265625
4.296875
6.578125
7.625000
15.187500
13.171875
15.875000
8.453125
9.187500
4.796875
3.156250
8.984375
15.046875
16.640625
13.750000
10.109375
6.578125
9.828125
16.031250
19.656250
18.562500
16.250000
18.281250
23.671875
46.890625
57.000000
78.046875
57.734375
53.640625
25.671875
18.734375
1.750000
3.656250
3.953125
8.078125
12.296875
18.281250
22.671875
18.515625
13.687500
16.125000
19.093750
16.984375
15.390625
13.234375
2.953125
2.656250
9.140625
0.000000
0.031250
1.531250
4.968750
3.703125
0.000000
0.000000
0.000000
0.000000
0.000000
1.734375
0.000000
0.000000
0.000000
0.000000
0.093750
0.062500
0.000000
0.000000
0.000000
1.765625
0.000000
3.921875
0.000000
0.000000
0.000000
0.000000
0.000000
0.000000
0.000000
0.000000
0.000000
0.000000
0.000000
0.000000
0.000000
0.000000
0.000000
0.531250
6.640625
0.000000
0.000000
0.875000
1.531250
1.406250
0.781250
0.000000
0.000000
0.000000
1.078125
1.625000
0.468750
0.000000
0.000000
0.703125
2.203125
1.953125
4.031250
6.046875
2.718750
0.000000
2.187500
0.000000
1.281250
0.765625
0.796875
3.468750
5.406250
5.125000
2.531250
1.218750
1.218750
1.718750
3.031250
3.171875
1.843750
0.000000
0.000000
2.781250
8.328125
6.718750
7.250000
5.859375
1.765625
0.000000
0.000000
0.031250
1.593750
4.671875
2.593750
0.000000
0.000000
0.000000
0.000000
0.000000
0.000000
0.000000
0.000000
0.000000
0.000000
17.828125
26.156250
18.921875
0.000000
3.390625
0.000000
0.000000
0.000000
0.000000
0.203125
0.000000
0.000000
0.000000
0.000000
0.000000
1.453125
9.500000
7.546875
13.546875
6.640625
8.375000
13.140625
14.609375
2.500000
0.484375
0.406250
1.718750
4.343750
3.218750
0.000000
0.109375
0.312500
0.140625
0.000000
0.015625
0.000000
0.000000
0.000000
3.843750
15.312500
30.515625
40.187500
45.031250
47.375000
32.875000
10.875000
2.375000
0.078125
0.000000
0.078125
0.000000
0.000000
0.000000
0.000000
1.750000
7.500000
10.734375
15.390625
7.375000
0.890625
0.000000
0.000000
0.000000
9.515625
14.984375
8.921875
3.546875
0.000000
0.000000
6.296875
13.609375
12.593750
7.875000
3.296875
7.171875
6.671875
4.531250
0.000000
0.000000
0.000000
0.000000
0.609375
0.000000
0.000000
0.000000
0.000000
1.328125
5.328125
7.640625
6.687500
0.281250
0.000000
0.000000
2.359375
3.734375
0.593750
0.000000
0.000000
0.000000
12.906250
16.625000
14.921875
2.203125
2.453125
2.281250
2.687500
2.843750
3.015625
2.625000
2.468750
2.390625
2.828125
3.218750
2.718750
2.921875
2.421875
0.718750
0.000000
0.000000
10.828125
31.484375
32.500000
64.750000
44.687500
2.671875
3.406250
2.421875
1.906250
1.500000
1.968750
2.296875
2.453125
2.187500
1.406250
0.000000
7.296875
21.234375
5.468750
1.015625
5.171875
9.140625
9.468750
6.578125
3.593750
1.046875
4.078125
11.109375
12.468750
7.265625
3.953125
1.531250
5.046875
10.031250
13.625000
15.734375
22.250000
32.359375
14.718750
7.656250
8.062500
0.000000
1.031250
1.031250
2.468750
11.296875
3.234375
2.312500
1.875000
1.718750
1.687500
1.296875
1.484375
1.562500
1.859375
0.781250
8.343750
15.593750
8.968750
5.765625
2.140625
9.140625
8.187500
7.843750
12.406250
15.296875
16.984375
12.765625
8.687500
8.156250
12.640625
14.015625
16.546875
16.468750
17.078125
13.125000
12.968750
25.437500
26.609375
43.656250
20.890625
0.000000
32.515625
13.890625
17.828125
24.593750
30.562500
19.296875
12.718750
13.984375
11.812500
6.031250
7.281250
10.453125
12.187500
12.734375
14.625000
10.171875
9.062500
12.078125
13.453125
5.328125
0.328125
1.203125
0.593750
0.625000
4.468750
12.031250
9.578125
3.234375
3.046875
4.437500
6.593750
9.703125
13.109375
14.671875
9.437500
2.671875
4.203125
24.000000
13.937500
27.968750
33.312500
16.281250
1.328125
0.812500
1.203125
1.937500
2.984375
10.578125
12.375000
12.031250
10.015625
7.921875
12.296875
16.750000
20.453125
13.828125
1.093750
1.718750
2.031250
0.000000
0.000000
0.000000
0.000000
0.000000
0.000000
0.000000
0.000000
0.000000
0.000000
0.000000
0.000000
0.000000
0.000000
0.000000
0.000000
0.000000
0.000000
0.000000
7.000000
11.453125
5.890625
0.000000
0.000000
0.000000
0.000000
0.000000
0.000000
0.000000
0.000000
0.000000
0.000000
0.000000
0.000000
0.000000
0.000000
0.000000
0.000000
0.000000
0.000000
6.406250
10.703125
11.781250
12.296875
7.296875
5.625000
3.265625
2.687500
6.078125
7.765625
7.140625
6.093750
3.484375
0.968750
0.000000
0.187500
0.734375
3.843750
8.984375
7.109375
46.968750
48.578125
54.468750
54.281250
52.437500
24.703125
17.703125
15.765625
12.093750
10.093750
9.703125
6.500000
3.859375
5.406250
6.656250
5.125000
6.390625
6.406250
11.281250
9.015625
0.000000
3.531250
9.531250
5.234375
3.390625
2.500000
2.203125
3.218750
4.203125
4.921875
4.328125
3.343750
3.531250
4.171875
4.015625
3.968750
1.562500
2.093750
0.000000
0.000000
0.000000
14.218750
0.000000
17.843750
17.218750
5.296875
5.500000
7.390625
5.625000
6.671875
9.953125
11.140625
5.281250
2.671875
1.109375
0.000000
0.000000
3.937500
8.796875
2.406250
4.031250
4.750000
0.000000
0.000000
0.015625
1.515625
0.000000
0.000000
0.000000
0.000000
0.000000
1.125000
0.750000
0.000000
0.000000
10.828125
35.187500
39.968750
34.843750
15.328125
6.843750
0.843750
4.062500
0.000000
0.000000
0.000000
0.000000
1.359375
0.000000
0.000000
1.703125
1.500000
1.437500
3.375000
4.781250
1.234375
1.953125
0.625000
0.000000
0.000000
16.828125
7.937500
7.125000
2.312500
3.046875
7.953125
1.906250
0.828125
0.984375
0.968750
0.703125
0.546875
0.890625
0.781250
0.921875
0.843750
0.328125
0.359375
4.312500
3.500000
3.312500
0.000000
0.875000
23.468750
31.718750
17.937500
1.359375
1.140625
0.484375
0.593750
0.578125
0.593750
0.343750
0.421875
0.000000
6.859375
0.375000
1.546875
2.812500
0.000000
16.421875
14.093750
13.109375
2.718750
2.750000
1.296875
0.656250
0.562500
1.890625
3.015625
2.531250
1.281250
0.984375
1.250000
2.312500
4.312500
4.343750
3.437500
2.531250
0.000000
6.046875
52.093750
59.765625
69.015625
69.890625
38.531250
7.171875
7.625000
5.671875
3.000000
1.906250
2.000000
2.734375
3.031250
2.468750
5.843750
10.812500
15.250000
17.000000
3.312500
3.984375
3.562500
0.000000
4.359375
8.437500
5.781250
0.890625
1.265625
0.000000
0.000000
0.000000
3.093750
1.171875
0.000000
0.000000
21.140625
13.500000
23.234375
16.171875
5.687500
20.875000
34.296875
27.421875
37.390625
26.390625
16.296875
1.453125
0.000000
0.000000
0.000000
0.000000
0.000000
0.000000
6.031250
11.375000
1.875000
4.281250
1.781250
0.000000
0.000000
16.656250
15.609375
20.718750
29.437500
27.453125
19.937500
11.109375
11.281250
17.359375
23.281250
24.187500
18.125000
7.109375
5.968750
2.281250
2.234375
0.843750
0.000000
1.156250
7.093750
9.812500
22.375000
29.171875
27.796875
43.171875
19.859375
52.265625
26.171875
11.000000
6.187500
1.968750
2.203125
1.703125
1.796875
6.015625
14.859375
17.468750
12.296875
31.765625
30.859375
1.484375
1.984375
2.906250
6.921875
6.468750
2.390625
1.812500
1.578125
1.906250
2.718750
3.000000
3.171875
2.359375
2.250000
2.843750
2.937500
2.843750
0.437500
1.609375
19.484375
41.828125
27.281250
30.859375
25.218750
8.875000
25.484375
13.343750
7.328125
9.265625
6.859375
5.984375
4.093750
4.828125
5.343750
2.562500
1.125000
1.578125
2.093750
2.921875
15.281250
10.093750
8.625000
16.015625
16.921875
16.578125
6.203125
0.000000
0.000000
0.000000
4.343750
6.312500
1.109375
0.000000
0.000000
0.109375
0.000000
0.734375
1.078125
6.593750
0.000000
0.000000
31.593750
20.343750
42.125000
43.781250
47.484375
41.625000
12.296875
3.578125
0.000000
0.000000
0.000000
0.000000
1.968750
4.500000
0.000000
0.000000
0.421875
6.703125
8.125000
0.281250
0.000000
0.000000
0.000000
7.859375
11.312500
5.781250
4.437500
3.703125
8.062500
16.984375
19.046875
17.203125
19.015625
20.140625
35.453125
34.828125
58.515625
77.531250
68.187500
73.234375
38.437500
14.406250
0.000000
0.000000
0.000000
0.000000
6.421875
16.359375
16.593750
15.000000
14.765625
19.218750
31.156250
38.781250
19.765625
2.437500
0.000000
0.000000
3.125000
9.828125
2.843750
3.359375
0.000000
4.421875
10.203125
10.921875
10.375000
10.250000
11.750000
15.953125
18.218750
23.687500
28.046875
32.515625
30.062500
23.390625
11.937500
5.171875
7.968750
1.406250
38.781250
36.625000
0.000000
0.000000
0.000000
0.000000
0.000000
2.781250
6.062500
5.156250
4.031250
4.343750
8.500000
20.812500
26.515625
12.578125
5.484375
0.187500
2.484375
5.781250
5.625000
4.078125
1.343750
1.703125
8.281250
15.546875
13.218750
9.562500
3.578125
2.703125
7.203125
10.078125
13.265625
13.281250
15.656250
25.015625
44.859375
44.875000
29.109375
8.953125
7.593750
2.421875
4.265625
19.500000
4.156250
8.015625
15.046875
13.859375
17.953125
21.609375
19.421875
11.718750
4.968750
2.062500
13.296875
15.796875
8.671875
4.296875
3.640625
0.000000
0.000000
0.515625
3.375000
2.484375
0.000000
8.750000
21.078125
21.156250
15.687500
10.328125
3.343750
2.171875
9.359375
9.703125
30.046875
22.078125
37.984375
49.140625
77.218750
43.343750
6.984375
0.234375
0.000000
0.000000
0.000000
0.000000
6.812500
14.718750
21.937500
22.843750
18.515625
11.500000
7.359375
0.000000
0.640625
13.265625
12.703125
8.593750
14.328125
