0.078125
0.093750
0.078125
0.109375
0.125000
0.093750
0.093750
0.109375
0.078125
0.140625
0.109375
0.093750
0.109375
0.093750
0.093750
0.109375
0.093750
0.093750
0.125000
0.078125
0.093750
0.078125
0.093750
0.078125
0.109375
0.078125
0.093750
0.062500
0.093750
0.062500
0.109375
0.109375
0.062500
0.109375
0.093750
0.062500
0.140625
0.125000
0.078125
0.109375
0.093750
0.093750
0.125000
0.093750
0.093750
0.093750
0.093750
0.078125
0.093750
0.078125
0.062500
0.093750
0.093750
0.093750
0.093750
0.093750
0.093750
0.109375
0.093750
0.093750
0.093750
0.093750
0.093750
0.078125
0.125000
0.078125
0.109375
0.093750
0.062500
0.093750
0.109375
0.093750
0.156250
0.109375
0.078125
0.187500
0.250000
0.171875
0.109375
0.078125
0.000000
0.000000
0.000000
0.000000
0.000000
0.000000
0.046875
0.093750
0.093750
0.062500
0.093750
0.109375
0.093750
0.078125
0.093750
0.109375
0.125000
0.140625
0.109375
0.093750
0.125000
0.109375
0.125000
0.078125
0.093750
0.125000
0.109375
0.093750
0.109375
0.125000
0.093750
0.125000
0.093750
0.093750
0.125000
0.125000
0.140625
0.125000
0.109375
0.093750
0.093750
0.078125
0.093750
0.109375
0.093750
0.078125
0.093750
0.093750
0.078125
0.093750
0.109375
0.078125
0.109375
0.093750
0.109375
0.109375
0.109375
0.078125
0.093750
0.078125
0.062500
0.093750
0.093750
0.093750
0.078125
0.078125
0.078125
0.093750
0.093750
0.093750
0.078125
0.109375
0.078125
0.109375
0.093750
0.093750
0.109375
0.078125
0.093750
0.140625
0.156250
0.093750
0.093750
0.078125
0.062500
0.062500
0.046875
0.062500
0.062500
0.015625
0.046875
0.062500
0.031250
0.031250
0.031250
0.031250
0.046875
0.031250
0.031250
0.046875
0.046875
0.046875
0.062500
0.062500
0.046875
0.062500
0.078125
0.078125
0.093750
0.078125
0.062500
0.078125
0.093750
0.062500
0.062500
0.062500
0.031250
0.046875
0.046875
0.031250
0.078125
0.046875
0.015625
0.046875
0.031250
0.031250
0.046875
0.062500
0.046875
0.046875
0.046875
0.062500
0.078125
0.078125
0.046875
0.062500
0.046875
0.031250
0.046875
0.046875
0.031250
0.046875
0.031250
0.031250
0.031250
0.031250
0.015625
0.031250
0.000000
0.000000
0.000000
0.000000
0.000000
0.000000
0.000000
0.000000
0.000000
0.000000
0.000000
0.000000
0.078125
0.296875
0.515625
0.640625
0.546875
0.343750
0.187500
0.125000
0.156250
0.140625
0.125000
0.140625
0.140625
0.109375
0.109375
0.109375
0.109375
0.093750
0.078125
0.078125
0.078125
0.078125
0.093750
0.109375
0.125000
0.062500
0.062500
0.062500
0.046875
0.062500
0.062500
0.046875
0.046875
0.015625
0.015625
0.015625
0.000000
0.000000
0.015625
0.046875
0.046875
0.046875
0.046875
0.031250
0.015625
0.031250
0.015625
0.046875
0.046875
0.000000
0.031250
0.046875
0.031250
0.031250
0.000000
0.015625
0.031250
0.046875
0.031250
0.031250
0.046875
0.046875
0.078125
0.093750
0.078125
0.093750
0.078125
0.062500
0.062500
0.062500
0.062500
0.062500
0.046875
0.031250
0.031250
0.031250
0.015625
0.046875
0.000000
0.000000
