3.984375
3.562500
0.000000
4.359375
8.437500
5.781250
0.890625
1.265625
0.000000
0.000000
0.000000
3.093750
1.171875
0.000000
0.000000
21.140625
13.500000
23.234375
16.171875
5.687500
20.875000
34.296875
27.421875
37.390625
26.390625
16.296875
1.453125
0.000000
0.000000
0.000000
0.000000
0.000000
0.000000
6.031250
11.375000
1.875000
4.281250
1.781250
0.000000
0.000000
16.656250
15.609375
20.718750
29.437500
27.453125
19.937500
11.109375
11.281250
17.359375
23.281250
24.187500
18.125000
7.109375
5.968750
2.281250
2.234375
0.843750
0.000000
1.156250
7.093750
9.812500
22.375000
29.171875
27.796875
43.171875
19.859375
52.265625
26.171875
11.000000
6.187500
1.968750
2.203125
1.703125
1.796875
6.015625
14.859375
17.468750
12.296875
31.765625
30.859375
1.484375
1.984375
2.906250
6.921875
6.468750
2.390625
1.812500
1.578125
1.906250
2.718750
3.000000
3.171875
2.359375
2.250000
2.843750
2.937500
2.843750
0.437500
1.609375
19.484375
41.828125
27.281250
30.859375
25.218750
8.875000
25.484375
13.343750
7.328125
9.265625
6.859375
5.984375
4.093750
4.828125
5.343750
2.562500
1.125000
1.578125
2.093750
2.921875
15.281250
10.093750
8.625000
16.015625
16.921875
16.578125
6.203125
0.000000
0.000000
0.000000
4.343750
6.312500
1.109375
0.000000
0.000000
0.109375
0.000000
0.734375
1.078125
6.593750
0.000000
0.000000
31.593750
20.343750
42.125000
43.781250
47.484375
41.625000
12.296875
3.578125
0.000000
0.000000
0.000000
0.000000
1.968750
4.500000
0.000000
0.000000
0.421875
6.703125
8.125000
0.281250
0.000000
0.000000
0.000000
7.859375
11.312500
5.781250
4.437500
3.703125
8.062500
16.984375
19.046875
17.203125
19.015625
20.140625
35.453125
34.828125
58.515625
77.531250
68.187500
73.234375
38.437500
14.406250
0.000000
0.000000
0.000000
0.000000
6.421875
16.359375
16.593750
15.000000
14.765625
19.218750
31.156250
38.781250
19.765625
2.437500
0.000000
0.000000
3.125000
9.828125
2.843750
3.359375
0.000000
4.421875
10.203125
10.921875
10.375000
10.250000
11.750000
15.953125
18.218750
23.687500
28.046875
32.515625
30.062500
23.390625
11.937500
5.171875
7.968750
1.406250
38.781250
36.625000
0.000000
0.000000
0.000000
0.000000
0.000000
2.781250
6.062500
5.156250
4.031250
4.343750
8.500000
20.812500
26.515625
12.578125
5.484375
0.187500
2.484375
5.781250
5.625000
4.078125
1.343750
1.703125
8.281250
15.546875
13.218750
9.562500
3.578125
2.703125
7.203125
10.078125
13.265625
13.281250
15.656250
25.015625
44.859375
44.875000
29.109375
8.953125
7.593750
2.421875
4.265625
19.500000
4.156250
8.015625
15.046875
13.859375
17.953125
21.609375
19.421875
11.718750
4.968750
2.062500
13.296875
15.796875
8.671875
4.296875
3.640625
0.000000
0.000000
0.515625
3.375000
2.484375
0.000000
8.750000
21.078125
21.156250
15.687500
10.328125
3.343750
2.171875
9.359375
9.703125
30.046875
22.078125
37.984375
49.140625
77.218750
43.343750
6.984375
0.234375
0.000000
0.000000
0.000000
0.000000
6.812500
14.718750
21.937500
22.843750
18.515625
11.500000
7.359375
0.000000
0.640625
13.265625
12.703125
8.593750
14.328125
