0.703125
0.000000
0.000000
0.000000
0.000000
0.000000
0.000000
0.000000
0.000000
0.000000
0.000000
0.000000
0.000000
0.000000
0.000000
0.000000
0.000000
4.343750
9.171875
30.109375
23.031250
9.718750
4.390625
0.468750
0.000000
0.000000
0.000000
1.421875
2.687500
1.437500
0.000000
0.000000
0.000000
0.000000
3.437500
5.484375
0.781250
0.000000
0.000000
0.000000
0.000000
0.000000
0.000000
2.953125
1.703125
1.765625
0.562500
0.375000
0.625000
2.140625
1.421875
0.906250
1.500000
1.796875
2.875000
3.437500
4.578125
10.343750
11.890625
22.375000
7.171875
0.000000
0.000000
0.000000
1.687500
3.484375
5.875000
5.296875
0.953125
0.000000
1.046875
2.156250
2.281250
2.828125
3.109375
0.062500
0.000000
0.000000
1.875000
0.109375
1.421875
0.359375
1.359375
0.000000
0.000000
0.609375
1.078125
0.000000
0.000000
0.000000
0.000000
1.093750
1.062500
0.000000
0.000000
0.000000
0.000000
0.000000
0.000000
0.000000
0.000000
0.000000
0.000000
0.000000
0.000000
0.000000
0.000000
0.000000
0.000000
0.000000
0.000000
0.000000
0.000000
0.000000
0.000000
1.500000
0.000000
0.000000
0.000000
5.406250
0.000000
0.000000
0.000000
0.000000
0.000000
0.000000
0.000000
0.000000
0.000000
0.000000
0.000000
0.000000
0.000000
0.000000
0.000000
0.000000
0.000000
5.171875
13.406250
11.359375
0.000000
0.000000
2.250000
1.421875
0.000000
0.000000
0.000000
0.000000
0.000000
0.000000
0.000000
0.000000
0.000000
0.000000
0.000000
0.000000
0.000000
0.906250
0.000000
0.000000
