7.359375
2.156250
0.000000
5.484375
11.562500
13.703125
11.265625
7.625000
3.734375
6.546875
12.546875
15.859375
15.328125
13.109375
14.765625
20.687500
44.734375
54.796875
75.234375
56.578125
49.000000
25.250000
16.203125
0.000000
0.000000
0.000000
4.656250
9.250000
15.312500
18.953125
15.109375
10.437500
13.062500
16.453125
14.968750
13.734375
11.359375
0.000000
0.000000
5.875000
0.000000
0.000000
0.000000
0.000000
0.000000
0.000000
0.000000
0.000000
0.000000
0.000000
0.000000
0.000000
0.000000
0.000000
0.000000
0.000000
0.000000
0.000000
0.000000
0.000000
0.000000
0.000000
0.000000
0.000000
0.000000
0.000000
0.000000
0.000000
0.000000
0.000000
0.000000
0.000000
0.000000
0.000000
0.000000
0.000000
0.000000
0.000000
0.000000
5.875000
8.375000
13.140625
14.609375
2.343750
0.000000
0.000000
1.515625
4.343750
3.218750
0.000000
0.000000
0.000000
0.000000
0.000000
0.000000
0.000000
0.000000
0.000000
0.000000
0.000000
11.562500
33.937500
45.031250
47.375000
32.718750
10.875000
2.375000
0.000000
0.000000
0.000000
0.000000
0.000000
0.000000
0.000000
0.000000
6.796875
10.734375
15.390625
7.375000
0.000000
13.875000
12.062500
0.000000
0.000000
0.000000
0.000000
0.187500
0.000000
0.000000
0.000000
0.000000
0.000000
0.000000
0.000000
0.000000
0.000000
0.000000
0.000000
0.000000
10.828125
31.484375
32.500000
58.890625
42.890625
0.000000
0.000000
0.000000
0.000000
0.000000
0.000000
0.000000
0.000000
0.000000
0.000000
0.000000
6.281250
17.546875
2.984375
0.000000
5.171875
