0.218750
0.562500
1.062500
0.765625
0.312500
0.343750
0.250000
0.203125
0.125000
0.015625
0.125000
0.109375
0.000000
0.015625
0.015625
0.062500
0.156250
0.109375
0.125000
0.171875
0.031250
0.203125
0.296875
0.296875
0.250000
0.406250
0.359375
0.453125
0.406250
0.390625
0.359375
0.343750
0.343750
0.281250
0.312500
0.265625
0.109375
0.156250
0.109375
0.078125
0.109375
0.062500
0.000000
0.062500
0.046875
0.062500
0.078125
0.156250
0.218750
0.312500
0.250000
0.265625
0.312500
0.375000
0.250000
0.218750
0.171875
0.093750
0.171875
0.171875
0.140625
0.218750
0.156250
0.031250
0.062500
0.000000
0.000000
0.125000
0.296875
0.156250
0.218750
0.421875
0.859375
1.671875
2.265625
2.796875
4.187500
6.343750
7.984375
8.625000
8.656250
8.296875
7.656250
7.203125
5.921875
4.015625
3.031250
2.031250
1.375000
0.937500
0.578125
0.593750
0.437500
0.250000
0.125000
0.000000
0.000000
0.000000
0.000000
0.000000
0.000000
0.000000
0.093750
0.031250
0.015625
0.000000
0.000000
0.000000
0.000000
0.000000
0.000000
0.000000
0.000000
0.000000
0.000000
0.000000
0.000000
0.000000
0.000000
0.015625
0.125000
0.171875
0.125000
0.046875
0.078125
0.140625
0.140625
0.250000
0.203125
0.171875
0.187500
0.218750
0.156250
0.156250
0.156250
0.093750
0.109375
0.140625
0.312500
0.437500
0.390625
0.468750
0.640625
0.687500
0.765625
0.593750
0.546875
0.500000
0.406250
0.265625
0.265625
0.234375
0.171875
0.203125
0.140625
0.000000
0.031250
0.203125
0.046875
0.000000
0.000000
0.000000
0.000000
0.562500
0.281250
0.046875
0.078125
0.000000
0.000000
0.000000
0.000000
0.000000
0.000000
0.000000
0.000000
0.000000
0.000000
0.015625
0.000000
0.000000
0.000000
0.000000
0.000000
0.000000
0.000000
0.000000
0.000000
0.000000
0.000000
0.000000
0.062500
0.015625
0.046875
0.078125
0.000000
0.078125
0.031250
0.000000
0.046875
0.000000
0.000000
0.000000
0.000000
0.000000
0.000000
0.000000
0.000000
0.000000
0.000000
0.000000
0.000000
0.046875
0.000000
0.031250
0.000000
0.000000
0.000000
0.000000
0.000000
0.031250
0.000000
0.000000
0.000000
0.000000
0.000000
0.000000
0.000000
0.000000
0.000000
0.000000
0.046875
0.093750
0.218750
0.312500
0.484375
0.812500
1.156250
1.156250
1.140625
1.015625
1.093750
1.093750
1.000000
1.093750
1.546875
1.765625
1.968750
1.781250
1.015625
0.531250
0.250000
0.156250
0.343750
0.218750
0.109375
0.062500
0.046875
0.000000
0.000000
0.000000
0.000000
0.015625
0.125000
0.000000
0.000000
0.000000
0.000000
0.046875
0.046875
0.000000
0.000000
0.000000
0.000000
0.000000
0.000000
0.000000
0.000000
0.000000
0.000000
0.000000
0.000000
0.000000
0.000000
0.000000
0.000000
0.000000
0.000000
0.000000
0.000000
0.000000
0.000000
0.000000
0.000000
0.000000
0.000000
0.000000
0.000000
0.000000
0.000000
0.000000
0.000000
0.000000
0.062500
0.125000
0.078125
0.078125
0.031250
0.078125
0.093750
0.093750
0.000000
0.015625
0.000000
0.000000
0.000000
0.000000
0.000000
0.000000
0.000000
0.046875
