005a
005b
005e
0058
004c
004a
0049
0049
0047
0047
0044
003f
003d
003a
0038
0036
0039
0036
0032
0034
0033
0034
0038
003f
0041
0045
0046
0047
0049
0047
0048
0047
004a
004b
004d
0049
004a
0048
0044
0040
003f
003c
003b
003d
0036
0033
0032
0036
0039
003c
003a
003c
003e
0040
003d
003d
003c
0037
0035
0037
0037
0038
0035
0031
0032
002a
0027
0027
0026
001d
001d
001a
001d
0033
0052
0069
0076
0074
0078
0081
0087
008c
008a
00a9
00c4
00b3
00a3
00a7
00a6
009d
0096
009d
0099
0095
0093
008b
0089
0086
007f
007e
0082
007f
007d
0081
0082
007f
007c
007c
0074
0071
006b
0069
0064
005f
0059
0050
0049
003c
0036
002e
0030
002d
002d
002d
002b
0027
0027
0028
0027
0026
0022
001e
001b
001b
001a
0012
0011
0016
0018
001a
0024
0029
002e
0035
003c
003d
003a
0038
0035
0034
0031
0033
0030
0031
002d
002b
0027
0026
001d
0017
0037
0039
0038
003d
0037
0038
0039
003b
003b
0038
0034
0032
002c
0029
0027
0026
0024
0023
0023
0023
0024
0024
0026
0026
0029
002c
002f
0033
0036
0037
0038
0039
003a
003c
003f
003f
003f
003b
0038
0033
0034
0032
002c
0024
0023
0024
0024
0024
0025
0026
0028
0029
002d
002d
002d
002b
0029
002b
0027
0028
0024
0024
0025
0024
0021
001b
0019
001d
0021
0028
0027
0022
002b
004c
006f
0099
00bf
00bb
00be
00c6
00c4
00cf
00cb
00e5
00e5
00c5
00a1
0090
0088
0089
0088
008f
0092
008e
008d
0088
0085
0083
007e
007c
0078
0077
0076
007d
007e
007d
0079
0077
0074
006d
0068
0060
005a
0057
0053
0044
0039
002f
0027
0022
0020
0020
0020
001e
001b
0017
0014
0015
0014
0015
0013
0010
000c
000b
0008
0005
0003
0003
0003
0004
0008
000c
000e
0018
0020
0023
0026
0025
0022
0021
0022
0021
0021
001f
001e
001d
001c
001e
001f
0016
000d
0034
0022
002a
002e
0033
0037
0039
003c
003d
0036
0036
0037
0033
0030
0030
002b
0031
0025
0027
002d
002e
0025
0025
0028
0023
0029
002e
0033
0033
0033
002f
0032
0038
0036
003b
003f
0034
0036
003c
003b
0038
0034
0030
002a
0027
0027
002a
002e
002b
002c
0029
002f
0030
0033
0033
0036
0031
002b
0029
0032
0030
0034
0031
002d
0027
0025
0021
0025
0020
0009
0000
0000
0000
0000
0000
0000
0000
0000
0000
0000
0000
0000
0001
001a
002f
0031
0031
0034
0046
005b
005d
0062
0072
0072
0072
006f
0068
0066
0068
0067
0060
0058
0060
0068
006f
0066
0068
0064
005a
0051
0055
0051
0058
0048
003f
0036
002f
0026
0026
002b
0030
0029
002d
0023
0021
0021
0022
0024
0026
001c
001c
001f
001e
0019
0012
000c
000f
0010
000e
0008
000c
0006
000a
0011
001b
0024
0026
0025
0026
0027
0028
002a
002f
002d
0027
0024
0027
0023
0016
000b
0017
002b
003e
0048
0052
005c
0069
0062
0064
0060
0062
0061
005a
0052
0055
0050
004d
0051
004c
0050
0048
0045
0037
0039
0030
003b
0043
0047
0047
0045
0048
004d
0056
005d
005f
0063
005e
0061
0066
0066
0061
005c
0052
0050
004c
004c
0047
004d
0045
0047
0044
004b
0054
0058
005a
0057
0051
004e
004d
0056
005b
005d
005a
0056
004c
0048
0049
0047
0038
001b
0000
0000
0000
0000
0000
0000
0000
0000
0000
0000
0000
0000
0005
0010
0011
0011
000e
0020
0044
0061
0073
0083
0098
009f
00a2
009d
0095
0092
0090
0086
0083
0081
0091
0099
009b
0094
0090
008a
0087
0080
007f
007c
007a
006e
0061
0058
0051
0048
004e
0056
005a
0054
004c
0048
0040
0042
0045
0045
0045
0041
0044
0045
0042
003a
0032
002b
002a
0023
001c
0009
0005
0002
0009
001a
002c
0037
003e
0042
0047
004d
0051
0056
005a
0056
004b
0049
004b
003d
0022
0014
0009
0005
001f
002e
0034
0038
0045
0046
0043
0043
0048
0045
0044
003f
0041
0040
0037
003a
003e
0042
0034
0036
002f
002b
0022
0028
002b
0031
002d
0031
0030
002f
0035
003d
0040
0042
0041
0045
0047
0046
0045
0045
003f
003f
003b
003e
0037
0039
0034
0031
002f
0030
0036
0039
0041
0042
0038
0037
0038
0038
003e
0042
003e
0043
0041
003a
003c
0041
003a
0034
0027
0014
000b
0005
000c
0010
000b
0007
0005
0000
0000
0000
0000
0000
0000
0003
0006
0006
001a
002a
0031
0040
0051
005b
0062
0069
0065
0060
0065
005c
0050
004f
0056
0060
005d
005a
005e
005a
005b
005c
005b
0057
0056
0050
004c
004f
0046
003e
003d
0040
003f
003e
003f
003b
0034
0032
0035
0036
0033
0033
0037
003b
0036
0034
0032
0033
0030
0027
0024
0018
0011
0006
0006
000d
001b
0020
0027
002c
002f
0033
0038
003a
0043
0042
003b
003b
0043
003e
002d
0016
001a
0029
003d
003c
0036
0041
0047
0045
0039
0036
0040
003b
0030
002f
0030
0033
002d
0026
0031
0036
0028
0024
0021
001c
001d
002b
0032
0037
0031
002a
002e
003a
003c
0041
0046
003a
0036
0041
0043
0040
0039
0035
002c
0029
0029
0029
002f
002f
002d
0029
002c
0036
003b
003f
003f
0034
002c
0027
0034
003b
003d
003c
0037
002c
002a
0026
002d
0026
0012
0000
0000
0000
0000
0000
0000
0000
0000
0000
0000
0005
0013
0021
0029
0057
004c
001a
000d
002c
0051
0058
0058
0069
0071
006d
0069
005e
005a
0057
0058
0052
0046
004d
0064
006e
0065
005a
005a
0054
004a
004c
004d
0050
0045
003c
002f
0028
0022
0022
0032
003e
003a
0032
0028
0025
0025
0028
002d
0032
0029
0027
002d
002d
0028
0018
0014
0014
0018
0013
0004
0003
0003
0005
000e
0019
0032
0033
002d
002d
0030
0035
0039
0040
003b
0033
002a
002e
002c
0021
0007
000e
0024
0044
0031
0014
0016
0010
000d
0008
0001
0008
0007
0000
0001
0001
0004
000a
0007
0008
000b
0002
000d
0013
0013
0010
001a
0017
001d
001a
0019
0017
0016
0016
0012
0014
0011
0007
000a
0007
0005
0007
0004
0000
0004
0003
0004
0005
000a
000e
0014
0010
0011
0014
0018
0010
000e
000b
0006
000b
000b
0009
000e
000a
0002
0004
0000
0000
0008
0013
000a
000e
001b
0037
006b
0091
00b3
010c
0196
01ff
0228
022a
0213
01ea
01cd
017b
0101
00c2
0082
0058
003c
0025
0026
001c
0010
0008
0000
0000
0000
0000
0000
0000
0000
0006
0002
0001
0000
0000
0000
0000
0000
0000
0000
0000
0000
0000
0000
0000
0000
0000
0001
0008
000b
0008
0003
0005
0009
0009
0010
000d
000b
000c
000e
000a
000a
000a
0006
0007
0009
0014
001c
0019
001e
0029
002c
0031
0026
0023
0020
001a
0011
0011
000f
000b
000d
0009
0000
0002
000d
0003
0000
0000
0000
0000
0024
0012
0003
0005
0000
0000
0000
0000
0000
0000
0000
0000
0000
0000
0001
0000
0000
0000
0000
0000
0000
0000
0000
0000
0000
0000
0000
0004
0001
0003
0005
0000
0005
0002
0000
0003
0000
0000
0000
0000
0000
0000
0000
0000
0000
0000
0000
0000
0003
0000
0002
0000
0000
0000
0000
0000
0002
0000
0000
0000
0000
0000
0000
0000
0000
0000
0000
0003
0006
000e
0014
001f
0034
004a
004a
0049
0041
0046
0046
0040
0046
0063
0071
007e
0072
0041
0022
0010
000a
0016
000e
0007
0004
0003
0000
0000
0000
0000
0001
0008
0000
0000
0000
0000
0003
0003
0000
0000
0000
0000
0000
0000
0000
0000
0000
0000
0000
0000
0000
0000
0000
0000
0000
0000
0000
0000
0000
0000
0000
0000
0000
0000
0000
0000
0000
0000
0000
0000
0000
0004
0008
0005
0005
0002
0005
0006
0006
0000
0001
0000
0000
0000
0000
0000
0000
0000
0003
