01dc
00db
0099
01c9
02aa
0350
0267
012b
00bf
01bd
022e
02e1
030d
0300
0208
0205
051b
063a
0aea
0539
0000
05e4
02f9
02c1
0428
05c8
02c6
0160
01ed
018e
0050
00ae
019d
023b
02d0
036c
01fd
0126
01e0
023f
0000
0000
0000
0000
0000
0000
0000
0000
0000
0000
0000
0000
0000
0000
0000
0000
0000
0000
0000
0000
02dd
0000
0000
0000
0000
0000
0000
0000
0000
0000
0000
0000
0000
0000
0000
0000
0000
0000
0000
0000
0000
0000
013c
0063
0000
0000
0000
0000
0000
0042
0034
0000
0000
0000
0000
0000
0000
0000
0000
0000
0000
038e
0000
0361
0333
0000
0019
0123
00f6
012a
019d
01fd
008d
0000
0000
0000
0000
0000
013a
0000
0435
0193
018c
006d
00aa
01ea
0064
0000
0000
0000
0000
0000
0010
0000
0000
0000
0000
0000
0000
0000
0000
0000
0000
0565
0793
042b
0000
0000
0000
0000
0000
0000
0000
0000
0000
01b3
0000
0000
0090
0000
