0.140625
0.187500
0.187500
0.187500
0.218750
0.218750
0.218750
0.203125
0.203125
0.203125
0.218750
0.171875
0.156250
0.156250
0.156250
0.140625
0.140625
0.125000
0.109375
0.125000
0.125000
0.140625
0.125000
0.140625
0.140625
0.187500
0.203125
0.203125
0.187500
0.187500
0.203125
0.203125
0.203125
0.218750
0.203125
0.203125
0.203125
0.218750
0.203125
0.203125
0.203125
0.171875
0.171875
0.156250
0.140625
0.140625
0.140625
0.140625
0.140625
0.156250
0.156250
0.171875
0.187500
0.187500
0.187500
0.171875
0.156250
0.140625
0.156250
0.156250
0.156250
0.156250
0.125000
0.125000
0.093750
0.093750
0.078125
0.093750
0.046875
0.046875
0.031250
0.171875
0.390625
0.562500
0.906250
1.593750
2.062500
2.390625
2.562500
2.640625
2.796875
2.578125
2.109375
1.640625
1.015625
0.375000
0.343750
0.437500
0.453125
0.484375
0.500000
0.531250
0.562500
0.562500
0.546875
0.531250
0.500000
0.468750
0.484375
0.484375
0.468750
0.468750
0.453125
0.468750
0.468750
0.468750
0.468750
0.453125
0.406250
0.375000
0.359375
0.359375
0.343750
0.328125
0.265625
0.250000
0.203125
0.171875
0.140625
0.140625
0.125000
0.109375
0.109375
0.109375
0.093750
0.109375
0.109375
0.093750
0.078125
0.078125
0.046875
0.031250
0.015625
0.015625
0.000000
0.000000
0.000000
0.000000
0.000000
0.000000
0.000000
0.046875
0.062500
0.078125
0.093750
0.109375
0.125000
0.125000
0.125000
0.109375
0.109375
0.109375
0.109375
0.093750
0.093750
0.093750
0.093750
0.062500
0.000000
0.000000
