0.062500
1.234375
1.937500
2.703125
2.953125
3.093750
2.921875
2.718750
2.500000
2.250000
2.093750
1.859375
1.718750
1.890625
2.015625
2.250000
2.625000
2.843750
3.000000
3.093750
2.968750
2.859375
2.500000
2.296875
2.234375
2.218750
2.406250
2.671875
2.718750
2.687500
2.703125
2.656250
2.281250
1.859375
0.656250
0.000000
0.000000
0.000000
0.000000
0.000000
0.000000
0.000000
0.000000
0.000000
0.921875
2.234375
3.687500
4.578125
4.734375
4.750000
4.562500
4.609375
4.531250
4.750000
4.500000
4.046875
3.781250
3.453125
3.000000
2.546875
2.484375
2.453125
2.265625
2.218750
2.046875
1.953125
1.859375
1.406250
0.875000
0.359375
0.000000
0.265625
0.703125
1.359375
2.046875
2.343750
2.484375
2.171875
2.000000
1.171875
0.265625
0.750000
0.328125
0.000000
0.171875
0.000000
0.015625
0.000000
0.125000
0.140625
0.000000
0.000000
0.218750
0.343750
0.109375
0.234375
0.265625
0.312500
0.218750
0.203125
0.031250
0.000000
0.031250
0.015625
0.093750
0.250000
0.281250
0.000000
0.000000
0.171875
0.156250
0.000000
0.171875
0.000000
0.531250
1.328125
3.093750
3.140625
0.000000
0.000000
0.000000
0.000000
1.609375
1.312500
1.125000
0.843750
1.031250
0.609375
0.500000
0.562500
0.640625
0.796875
0.890625
0.625000
0.328125
0.359375
0.281250
0.000000
0.000000
0.000000
0.046875
0.000000
0.000000
0.031250
0.046875
0.000000
0.000000
0.000000
0.000000
0.000000
0.000000
0.187500
0.250000
0.109375
0.000000
0.000000
0.062500
0.187500
0.000000
0.000000
