004d
0000
000d
0036
0028
0029
0000
0000
0000
0000
0047
002a
0000
0000
0000
002b
00ac
0134
02a6
029c
0000
019d
003d
0000
0000
0000
0000
0079
00cc
007d
0031
0032
005d
00a7
009b
0052
0004
0000
0026
004c
0000
0000
0000
0000
0000
0000
0000
0000
0000
0000
0000
0000
0000
0000
0000
0000
0015
010e
00e2
0000
0067
0225
0000
0000
0000
0000
0000
0000
0000
0000
0000
0000
0000
0000
0000
0000
0000
0000
0000
0000
0014
0061
00a6
0087
007a
0057
0064
0076
009a
008a
0074
007e
0091
0095
008f
008a
004d
0045
0000
0000
0000
0000
0000
00ab
00bc
00e4
00b5
0050
001a
0058
0089
007a
0066
0057
0033
0000
0000
008c
0080
001d
0000
0000
0000
0000
0000
0000
0000
0000
0000
0000
0000
0000
0000
0000
0000
0000
0000
006c
01e6
0000
0000
0000
0000
0000
0000
0000
0000
0000
0000
0000
0000
0000
0000
0000
0000
0000
0000
0000
0000
0000
0000
0000
0000
0000
0000
0000
0000
0000
0000
0000
0000
0000
0000
0000
0000
0000
0000
0000
0000
007f
0000
0053
0000
0000
0000
0000
0000
0000
0000
0000
0000
0000
0000
0000
0000
0000
0000
0000
0000
0000
015a
0080
000a
0000
0000
002d
005b
005e
0034
0033
000d
0006
0017
000a
0003
0000
0000
0000
032f
06cc
0916
07bd
0405
0105
00b7
0060
0045
0083
0063
001f
0000
0000
0000
0000
000a
0120
0124
0000
0000
0000
0081
0079
007e
00bb
0071
0052
000d
0013
0069
00a4
00bf
007a
0041
0071
0087
00ba
0103
0145
0000
0000
0000
000e
0137
007c
00b0
0090
0103
0154
0163
0105
00a6
00b5
00bb
00e2
0046
0016
0088
0045
00d0
00be
0030
0000
0000
0000
0000
0000
0000
0000
0000
0000
0000
0000
0000
0000
0000
0000
0000
004c
001a
0000
0000
0135
0062
0000
0000
0000
0000
0000
0000
0000
0000
0000
0000
0000
0000
0000
0000
0000
0000
0001
