0.796875
0.734375
0.765625
0.781250
0.734375
0.796875
0.828125
0.781250
0.859375
0.734375
0.750000
0.718750
0.703125
0.640625
0.625000
0.578125
0.640625
0.562500
0.531250
0.609375
0.578125
0.562500
0.578125
0.609375
0.593750
0.671875
0.687500
0.765625
0.765625
0.781250
0.750000
0.750000
0.859375
0.812500
0.812500
0.875000
0.781250
0.750000
0.796875
0.734375
0.750000
0.703125
0.640625
0.625000
0.562500
0.578125
0.562500
0.625000
0.609375
0.640625
0.609375
0.656250
0.656250
0.718750
0.687500
0.687500
0.671875
0.593750
0.593750
0.656250
0.609375
0.640625
0.609375
0.593750
0.515625
0.484375
0.406250
0.437500
0.421875
0.203125
-0.046875
-0.109375
-0.187500
-0.125000
-0.093750
-0.250000
-0.343750
-0.140625
0.015625
0.125000
0.296875
0.359375
0.359375
0.750000
1.156250
1.250000
1.359375
1.281250
1.390625
1.562500
1.578125
1.625000
1.718750
1.718750
1.703125
1.656250
1.625000
1.515625
1.515625
1.531250
1.468750
1.406250
1.468750
1.531250
1.593750
1.500000
1.484375
1.453125
1.343750
1.265625
1.296875
1.156250
1.156250
1.093750
0.875000
0.812500
0.734375
0.562500
0.562500
0.562500
0.578125
0.515625
0.546875
0.468750
0.453125
0.421875
0.437500
0.421875
0.453125
0.406250
0.312500
0.343750
0.328125
0.265625
0.250000
0.140625
0.156250
0.218750
0.187500
0.203125
0.218750
0.218750
0.281250
0.390625
0.500000
0.562500
0.593750
0.546875
0.562500
0.562500
0.546875
0.562500
0.578125
0.546875
0.515625
0.437500
0.406250
0.421875
0.203125
0.000000
-0.031250
-0.265625
-0.234375
-0.265625
-0.281250
-0.281250
-0.296875
-0.281250
-0.296875
-0.343750
-0.296875
-0.281250
-0.296875
-0.281250
-0.265625
-0.265625
-0.234375
-0.234375
-0.234375
-0.203125
-0.187500
-0.187500
-0.203125
-0.187500
-0.218750
-0.218750
-0.234375
-0.250000
-0.265625
-0.265625
-0.265625
-0.281250
-0.281250
-0.296875
-0.296875
-0.281250
-0.343750
-0.312500
-0.281250
-0.281250
-0.296875
-0.281250
-0.296875
-0.265625
-0.234375
-0.234375
-0.203125
-0.203125
-0.218750
-0.203125
-0.203125
-0.234375
-0.250000
-0.234375
-0.265625
-0.265625
-0.250000
-0.250000
-0.234375
-0.234375
-0.250000
-0.234375
-0.250000
-0.250000
-0.234375
-0.203125
-0.187500
-0.187500
-0.140625
-0.156250
-0.125000
-0.109375
-0.234375
-0.265625
-0.359375
-0.718750
-0.984375
-0.765625
-0.578125
-0.359375
0.046875
0.406250
0.671875
0.625000
0.484375
0.109375
-0.234375
-0.437500
-0.500000
-0.515625
-0.562500
-0.625000
-0.625000
-0.687500
-0.718750
-0.718750
-0.703125
-0.671875
-0.640625
-0.640625
-0.640625
-0.609375
-0.625000
-0.593750
-0.593750
-0.640625
-0.625000
-0.609375
-0.593750
-0.578125
-0.531250
-0.531250
-0.484375
-0.484375
-0.453125
-0.406250
-0.390625
-0.312500
-0.281250
-0.203125
-0.187500
-0.187500
-0.203125
-0.218750
-0.203125
-0.156250
-0.187500
-0.156250
-0.140625
-0.171875
-0.125000
-0.093750
-0.109375
-0.125000
-0.093750
-0.078125
-0.046875
0.000000
-0.015625
-0.031250
-0.015625
-0.031250
-0.046875
-0.093750
-0.109375
-0.125000
-0.156250
-0.171875
-0.187500
-0.171875
-0.156250
-0.187500
-0.187500
-0.203125
-0.218750
-0.203125
-0.203125
-0.140625
-0.140625
-0.156250
