01d7
008a
0000
015f
02e4
036d
02d1
01e8
00ef
01a3
0323
03f7
03d5
0347
03b1
052c
0b2f
0db3
12cf
0e25
0c40
0650
040d
0000
0000
0000
012a
0250
03d4
04bd
03c7
029c
0344
041d
03be
036f
02d7
0000
0000
0178
0000
0000
0000
0000
0000
0000
0000
0000
0000
0000
0000
0000
0000
0000
0000
0000
0000
0000
0000
0000
0000
0000
0000
0000
0000
0000
0000
0000
0000
0000
0000
0000
0000
0000
0000
0000
0000
0000
0000
0178
0218
0349
03a7
0096
0000
0000
0061
0116
00ce
0000
0000
0000
0000
0000
0000
0000
0000
0000
0000
0000
02e4
087c
0b42
0bd8
082e
02b8
0098
0000
0000
0000
0000
0000
0000
0000
0000
01b3
02af
03d9
01d8
0000
0378
0304
0000
0000
0000
0000
000c
0000
0000
0000
0000
0000
0000
0000
0000
0000
0000
0000
0000
02b5
07df
0820
0eb9
0ab9
0000
0000
0000
0000
0000
0000
0000
0000
0000
0000
0000
0192
0463
00bf
0000
014b
