0.093750
0.406250
1.843750
1.906250
1.593750
1.765625
1.718750
1.703125
1.531250
1.328125
1.031250
1.000000
0.765625
0.609375
0.484375
0.828125
0.968750
1.328125
1.671875
1.671875
1.765625
1.765625
1.640625
1.312500
1.031250
0.750000
1.031250
1.234375
1.328125
1.390625
1.406250
1.625000
2.500000
3.328125
4.484375
7.484375
9.750000
11.296875
8.578125
1.234375
0.000000
0.000000
0.000000
0.000000
2.890625
2.109375
1.937500
2.437500
2.406250
2.046875
1.875000
1.937500
2.421875
2.796875
3.046875
2.984375
2.906250
2.906250
2.843750
2.203125
1.500000
1.265625
1.437500
1.406250
1.359375
1.578125
2.093750
2.781250
2.062500
1.515625
0.843750
0.000000
0.000000
0.718750
1.046875
1.234375
1.484375
2.421875
2.734375
3.203125
1.750000
1.562500
1.250000
1.437500
1.203125
1.437500
1.468750
1.390625
1.390625
1.328125
1.140625
0.968750
0.640625
0.531250
0.437500
0.687500
0.796875
1.109375
1.406250
1.484375
1.421875
1.421875
1.437500
1.343750
1.046875
0.906250
1.062500
1.250000
1.375000
1.437500
1.468750
1.515625
1.656250
0.921875
0.343750
0.000000
0.000000
0.000000
0.000000
0.546875
3.125000
7.656250
9.687500
8.171875
3.843750
0.406250
0.125000
0.953125
1.031250
1.000000
1.125000
1.187500
1.390625
1.656250
1.828125
1.828125
1.765625
1.765625
1.671875
1.718750
1.546875
1.468750
1.546875
1.484375
1.468750
1.593750
1.500000
1.343750
1.500000
1.656250
1.718750
1.671875
1.593750
1.609375
1.609375
1.359375
1.296875
1.593750
1.500000
1.562500
