0021
002f
0056
004c
004d
004e
004f
004f
0053
004d
0051
0048
0048
0044
0043
003d
003f
003a
003a
0039
0039
003a
003c
003d
003b
0041
0042
0047
0049
004f
004e
004d
0050
0051
0053
0054
0053
0052
004c
004a
004d
0048
0046
0042
003d
003c
0038
003c
003a
0042
003f
0041
0041
0045
0045
0046
0044
0042
003e
003f
003e
0042
003e
003e
0038
0037
002f
002c
0028
0023
001a
000c
0000
0001
0006
0007
0000
0000
0000
0000
0000
0001
0016
0031
0056
0079
0093
0092
008e
008e
0096
009f
00a5
00a7
00ab
00a7
00a3
009d
0098
0095
0094
0093
008f
0090
0096
0098
0099
0091
008e
0083
0080
0077
0076
006d
0067
005b
004e
0045
003b
0036
0037
0037
003a
0033
0033
002e
002c
002c
002d
002b
0028
0024
0022
0020
001e
0017
0014
0010
0012
0017
0017
0019
001d
0022
002a
0032
0039
003b
003b
0038
0039
0039
003c
0039
0038
0035
002c
0029
0020
0016
0000
0000
0000
0000
0000
0000
0000
0000
0000
0000
0000
0000
0000
0000
0000
0000
0000
0000
0000
0000
0000
0000
0000
0000
0000
0000
0000
0000
0000
0000
0000
0000
0000
0000
0000
0000
0000
0000
0000
0000
0000
0000
0000
0000
0000
0000
0000
0000
0000
0000
0000
0000
0000
0000
0000
0000
0000
0000
0000
0000
0000
0000
0000
0000
0000
0000
0000
0000
0005
0009
0013
0018
0016
0020
002c
0032
0048
0065
005b
003b
001f
0000
0000
0000
0000
0000
0000
0000
0000
0000
0000
0000
0000
0000
0000
0000
0000
0000
0000
0000
0000
0000
0000
0000
0000
0000
0000
0000
0000
0000
0000
0000
0000
0000
0000
0000
0000
0000
0000
0000
0000
0000
0000
0000
0000
0000
0000
0000
0000
0000
0000
0000
0000
0000
0000
0000
0000
0000
0000
0000
0000
0000
0000
0000
0000
0000
0000
0000
0000
0000
0000
0000
0000
0000
0000
0000
0000
0003
0008
000b
