0.093750
0.406250
1.843750
1.906250
1.593750
1.765625
1.718750
1.703125
1.531250
1.328125
1.031250
1.000000
0.765625
0.609375
0.484375
0.828125
0.968750
1.328125
1.671875
1.671875
1.765625
1.765625
1.640625
1.312500
1.031250
0.750000
1.031250
1.234375
1.328125
1.390625
1.406250
1.625000
2.500000
3.328125
4.484375
7.484375
9.750000
11.296875
8.578125
1.234375
0.000000
0.000000
0.000000
0.000000
2.890625
2.109375
1.937500
2.437500
2.406250
2.046875
1.875000
1.937500
2.421875
2.796875
3.046875
2.984375
2.906250
2.906250
2.843750
2.203125
1.500000
1.265625
1.437500
1.406250
1.359375
1.578125
2.093750
2.781250
2.062500
1.515625
0.843750
0.000000
0.000000
0.718750
1.046875
1.234375
1.484375
2.421875
2.734375
3.203125
1.531250
1.625000
2.578125
3.093750
3.281250
3.531250
3.593750
3.406250
3.359375
3.109375
2.843750
2.484375
2.281250
2.156250
2.078125
2.531250
2.718750
3.062500
3.390625
3.546875
3.453125
3.500000
3.437500
3.187500
2.875000
2.781250
2.937500
3.140625
3.250000
3.343750
3.359375
3.468750
3.187500
1.500000
0.000000
0.000000
0.000000
0.000000
0.000000
0.000000
0.000000
0.000000
0.000000
0.000000
1.828125
2.265625
2.468750
3.718750
3.890625
3.890625
3.890625
3.937500
4.171875
4.500000
4.703125
4.656250
4.375000
4.203125
3.968750
3.718750
3.468750
3.296875
3.375000
3.281250
3.250000
3.265625
2.718750
2.015625
1.484375
0.625000
0.515625
1.250000
1.718750
2.687500
3.078125
3.203125
3.000000
2.703125
2.203125
1.671875
1.750000
1.562500
1.250000
1.437500
1.203125
1.437500
1.468750
1.390625
1.390625
1.328125
1.140625
0.968750
0.640625
0.531250
0.437500
0.687500
0.796875
1.109375
1.406250
1.484375
1.421875
1.421875
1.437500
1.343750
1.046875
0.906250
1.062500
1.250000
1.375000
1.437500
1.468750
1.515625
1.656250
0.921875
0.343750
0.000000
0.000000
0.000000
0.000000
0.546875
3.125000
7.656250
9.687500
8.171875
3.843750
0.406250
0.125000
0.953125
1.031250
1.000000
1.125000
1.187500
1.390625
1.656250
1.828125
1.828125
1.765625
1.765625
1.671875
1.718750
1.546875
1.468750
1.546875
1.484375
1.468750
1.593750
1.500000
1.343750
1.500000
1.656250
1.718750
1.671875
1.593750
1.609375
1.609375
1.359375
1.296875
1.593750
1.500000
1.562500
0.000000
0.000000
0.046875
0.031250
0.750000
0.984375
1.046875
1.078125
1.109375
0.968750
0.781250
0.625000
0.453125
0.328125
0.125000
0.296875
0.359375
0.640625
0.937500
1.031250
0.984375
0.984375
1.078125
1.000000
0.750000
0.546875
0.687500
0.843750
0.937500
1.015625
1.046875
1.093750
1.609375
1.312500
1.156250
2.250000
1.765625
0.234375
0.000000
0.000000
0.000000
2.390625
3.437500
3.109375
0.281250
0.046875
0.000000
0.734375
0.656250
0.593750
0.500000
0.609375
0.796875
1.109375
1.343750
1.375000
1.265625
1.296875
1.390625
1.343750
1.203125
1.093750
1.218750
1.250000
1.234375
1.421875
1.515625
1.703125
1.750000
1.703125
0.765625
0.000000
0.000000
0.000000
0.312500
0.937500
1.093750
1.500000
1.437500
1.296875
0.000000
0.000000
0.187500
0.890625
0.843750
0.843750
0.875000
1.000000
0.781250
0.453125
0.375000
0.234375
0.109375
0.156250
0.281250
0.468750
0.671875
0.890625
0.953125
0.765625
0.796875
0.796875
0.656250
0.703125
0.671875
0.828125
0.765625
0.921875
1.171875
0.953125
0.812500
0.906250
0.500000
0.250000
0.953125
1.656250
0.625000
0.000000
0.000000
0.000000
0.000000
0.000000
0.000000
0.000000
0.000000
0.000000
0.000000
0.000000
0.250000
0.593750
0.765625
0.687500
0.656250
0.671875
0.359375
0.093750
0.000000
0.109375
0.312500
0.593750
0.968750
1.046875
1.000000
1.093750
1.000000
0.828125
0.937500
0.875000
0.343750
0.000000
0.000000
0.000000
0.000000
0.390625
1.171875
0.921875
0.937500
0.671875
0.421875
0.000000
2.093750
1.546875
2.218750
2.656250
2.468750
2.390625
2.734375
2.656250
2.515625
2.234375
2.234375
2.328125
2.343750
2.078125
2.015625
2.093750
2.062500
2.031250
2.203125
2.578125
2.687500
2.703125
2.750000
2.578125
2.390625
2.156250
2.109375
2.171875
2.390625
2.515625
2.531250
2.406250
2.390625
2.484375
2.515625
2.375000
4.296875
5.218750
9.625000
10.781250
4.796875
0.000000
0.000000
0.000000
1.562500
4.062500
3.328125
2.859375
2.968750
3.296875
3.109375
2.937500
2.921875
3.046875
3.531250
3.937500
3.796875
3.703125
3.578125
3.093750
2.531250
2.078125
2.343750
2.500000
2.343750
2.359375
2.687500
2.671875
2.546875
2.093750
1.687500
1.640625
1.937500
2.437500
1.921875
2.000000
2.078125
2.000000
1.718750
1.140625
0.203125
1.968750
3.640625
6.218750
7.437500
7.218750
6.875000
6.671875
6.750000
6.328125
5.640625
5.531250
5.843750
6.109375
6.359375
6.906250
7.328125
7.625000
7.593750
7.421875
7.015625
6.656250
6.484375
6.562500
6.765625
6.953125
7.078125
6.812500
6.921875
7.156250
6.953125
6.468750
5.687500
4.234375
2.734375
1.625000
3.062500
0.000000
0.000000
0.000000
7.281250
8.421875
2.156250
0.000000
1.890625
6.984375
9.953125
10.953125
10.718750
11.375000
11.750000
11.843750
11.437500
10.593750
9.578125
8.796875
7.656250
6.406250
6.140625
6.328125
6.546875
6.250000
5.765625
5.812500
5.750000
5.062500
4.500000
4.156250
3.921875
3.406250
2.484375
1.781250
1.359375
3.359375
5.640625
6.406250
6.484375
5.906250
4.296875
2.265625
1.125000
0.000000
0.000000
0.000000
0.000000
0.000000
0.000000
0.000000
0.000000
0.000000
0.000000
0.000000
0.000000
0.000000
0.000000
0.000000
0.000000
0.000000
0.000000
0.000000
0.000000
0.000000
0.000000
0.000000
0.000000
0.000000
0.000000
0.000000
0.000000
0.000000
0.000000
0.000000
0.000000
0.000000
0.000000
0.000000
0.000000
4.640625
7.234375
3.000000
1.187500
9.359375
17.671875
11.328125
0.000000
0.000000
0.000000
0.000000
0.000000
0.000000
0.000000
0.000000
0.000000
0.000000
0.000000
0.000000
0.000000
0.000000
0.000000
0.000000
0.000000
0.000000
0.000000
0.000000
0.000000
0.000000
0.000000
0.000000
0.000000
0.000000
0.406250
0.859375
0.000000
0.000000
0.000000
0.000000
0.000000
0.000000
0.000000
0.375000
1.171875
2.500000
0.546875
0.000000
0.000000
0.000000
0.000000
0.000000
0.000000
0.000000
0.000000
0.000000
0.000000
0.062500
0.187500
0.078125
0.000000
0.000000
0.000000
0.000000
0.000000
0.000000
0.000000
0.000000
0.000000
0.000000
0.000000
0.000000
0.000000
0.000000
0.000000
0.000000
0.000000
0.000000
0.890625
4.328125
3.859375
5.718750
11.578125
11.343750
9.093750
8.375000
10.171875
8.250000
4.750000
2.421875
0.578125
0.000000
0.000000
0.000000
0.000000
0.000000
0.000000
0.000000
0.000000
0.000000
0.000000
0.000000
0.000000
0.000000
0.000000
0.000000
0.000000
0.000000
0.000000
0.000000
0.000000
0.000000
0.000000
0.000000
0.000000
0.000000
0.765625
0.328125
0.000000
0.000000
0.000000
0.000000
0.000000
0.000000
0.515625
0.312500
0.000000
0.000000
0.000000
0.953125
1.328125
1.156250
0.968750
1.171875
1.218750
1.109375
0.953125
1.000000
0.984375
1.187500
1.140625
1.187500
1.156250
1.359375
1.375000
1.187500
1.046875
1.125000
1.187500
1.156250
1.187500
1.218750
1.140625
1.140625
1.218750
1.375000
1.421875
1.453125
3.062500
1.906250
0.718750
3.906250
5.500000
3.046875
0.000000
1.046875
4.343750
2.921875
2.656250
0.000000
0.000000
0.562500
1.625000
1.828125
2.000000
2.296875
2.203125
2.218750
1.968750
1.656250
1.640625
1.203125
0.921875
0.703125
0.765625
0.921875
0.984375
1.015625
0.859375
1.015625
0.906250
0.734375
0.468750
0.531250
0.421875
0.859375
0.515625
0.000000
0.000000
0.000000
1.171875
0.984375
1.109375
1.453125
0.000000
0.000000
0.000000
0.000000
0.500000
1.218750
1.156250
0.984375
1.062500
1.109375
0.703125
0.484375
0.406250
0.000000
0.000000
0.000000
0.125000
0.375000
0.875000
1.312500
1.296875
1.156250
0.953125
0.484375
0.015625
0.078125
0.343750
0.359375
0.562500
0.828125
0.906250
0.984375
1.765625
2.203125
0.000000
0.453125
4.171875
6.296875
4.296875
1.906250
0.796875
4.937500
5.750000
1.765625
0.500000
0.000000
1.031250
1.750000
1.843750
1.718750
1.187500
1.234375
1.781250
2.343750
2.843750
3.343750
3.093750
2.531250
1.812500
1.046875
0.625000
0.625000
0.703125
0.968750
0.859375
0.921875
0.937500
1.062500
1.578125
1.750000
2.140625
0.859375
0.000000
0.000000
0.000000
0.000000
0.921875
2.093750
2.687500
3.578125
0.000000
0.000000
0.000000
0.031250
1.750000
2.421875
2.796875
3.000000
2.968750
2.640625
2.468750
2.234375
1.984375
1.609375
1.437500
1.421875
1.546875
1.843750
2.250000
2.500000
2.640625
2.796875
3.062500
2.875000
2.343750
2.046875
1.937500
2.234375
2.484375
2.593750
2.484375
2.406250
1.812500
1.125000
0.000000
0.000000
0.000000
0.000000
0.000000
0.000000
0.000000
0.000000
0.000000
0.000000
0.000000
0.000000
0.000000
1.125000
2.468750
3.265625
3.375000
2.859375
2.593750
2.890625
3.187500
3.218750
2.906250
3.015625
3.093750
2.968750
2.421875
2.312500
2.687500
2.671875
2.562500
2.187500
2.234375
2.140625
2.359375
2.281250
1.718750
0.718750
0.000000
0.000000
0.171875
1.734375
1.953125
1.890625
2.406250
2.406250
1.265625
3.031250
5.593750
4.921875
4.343750
3.015625
2.656250
2.109375
1.750000
1.296875
1.421875
1.796875
2.093750
2.171875
2.718750
3.000000
3.046875
2.968750
2.812500
2.453125
2.406250
2.421875
2.390625
2.453125
2.281250
2.390625
2.703125
2.843750
2.812500
2.546875
1.609375
0.796875
0.218750
0.000000
0.000000
0.000000
0.000000
0.000000
0.000000
0.000000
0.000000
0.000000
0.000000
0.000000
6.015625
7.234375
6.046875
4.875000
4.421875
4.328125
3.656250
2.671875
2.218750
2.078125
1.562500
1.375000
1.250000
1.718750
2.171875
1.984375
1.968750
2.171875
2.171875
1.968750
1.812500
1.218750
1.078125
0.312500
0.000000
0.000000
0.000000
0.453125
2.546875
4.453125
4.812500
3.515625
1.406250
0.000000
0.000000
0.000000
0.000000
0.000000
0.000000
0.000000
0.000000
0.000000
0.000000
0.000000
0.000000
0.000000
0.000000
0.000000
0.000000
0.000000
0.000000
0.000000
0.000000
0.000000
0.000000
0.000000
0.000000
0.000000
0.000000
0.000000
0.000000
0.000000
0.000000
0.000000
0.000000
0.000000
0.000000
0.000000
0.000000
0.000000
0.000000
0.000000
2.703125
3.296875
0.000000
0.000000
0.000000
0.000000
0.000000
0.000000
0.000000
0.000000
0.000000
0.000000
0.000000
0.000000
0.000000
0.000000
0.000000
0.000000
0.000000
0.000000
0.000000
0.000000
0.000000
0.000000
0.000000
0.000000
0.000000
0.000000
0.000000
0.000000
0.000000
0.000000
0.000000
0.000000
0.000000
0.000000
0.000000
0.000000
0.000000
0.000000
0.000000
0.000000
0.000000
0.000000
0.843750
0.000000
0.000000
0.000000
0.000000
0.000000
0.000000
0.000000
0.000000
0.000000
0.000000
0.000000
0.000000
0.000000
0.000000
0.000000
0.000000
0.000000
0.000000
0.000000
0.000000
0.000000
0.000000
0.000000
0.000000
0.000000
0.000000
0.000000
0.000000
0.000000
0.000000
0.000000
0.000000
0.000000
0.000000
2.031250
5.843750
8.875000
8.156250
13.281250
15.984375
11.015625
7.937500
3.031250
0.000000
0.000000
0.000000
0.000000
0.000000
0.000000
0.000000
0.000000
0.000000
0.000000
0.000000
0.000000
0.000000
0.000000
0.000000
0.000000
0.000000
0.000000
0.000000
0.000000
0.000000
0.000000
0.000000
0.000000
0.281250
1.484375
1.046875
0.000000
0.000000
0.000000
0.000000
0.000000
0.000000
0.000000
0.046875
0.906250
0.000000
0.765625
0.000000
0.000000
0.000000
0.125000
0.765625
0.500000
0.296875
0.000000
0.000000
0.000000
0.000000
0.000000
0.000000
0.000000
0.218750
0.390625
0.718750
0.953125
0.875000
0.578125
0.250000
0.062500
0.000000
0.000000
0.000000
0.093750
0.468750
0.484375
0.031250
0.000000
0.000000
0.000000
0.000000
0.000000
0.000000
0.000000
0.000000
0.000000
0.000000
0.671875
6.171875
14.421875
15.765625
9.578125
1.046875
1.843750
2.125000
2.125000
1.609375
1.031250
0.937500
1.265625
1.843750
2.062500
1.937500
1.359375
1.406250
1.218750
0.828125
0.375000
0.546875
0.671875
0.562500
0.000000
0.000000
0.000000
0.000000
0.000000
0.000000
1.250000
1.859375
1.265625
0.000000
0.000000
0.000000
0.000000
0.000000
0.046875
