0000
0002
0062
013e
00d6
0000
0000
0000
0000
0000
006f
0000
0000
0000
0000
0000
0000
0000
0000
0000
0000
0000
00fb
0000
0000
0000
0000
0000
0000
0000
0000
0000
0000
0000
0000
0000
0000
0000
0000
011e
013e
015f
0177
0071
0000
0000
0002
0066
012b
00a6
0000
0000
0000
0000
0000
0000
0000
0000
0000
0000
03f8
046d
0410
0000
00d9
0000
0000
0000
0000
0000
0000
0000
0000
0000
0000
002a
01bc
01e3
0363
018d
0000
0000
0000
0261
03bf
023b
00e3
0000
0000
0193
0367
0326
01f8
00d3
01cb
01ab
0122
0000
0000
0000
0000
0000
0000
0000
0000
0000
0055
0110
01c7
01ac
0012
0000
0000
0097
00d7
0000
0000
0000
0000
033a
0215
01c6
0135
007d
0000
00cf
028d
02c2
0153
0093
0000
00ea
0228
02fc
038d
0513
0739
0219
0000
0000
0000
0000
0000
0000
0241
002f
0000
0000
0000
0000
0000
0000
0000
0000
0000
0216
0397
01bb
00e5
0000
