2.093750
1.546875
2.218750
2.656250
2.468750
2.390625
2.734375
2.656250
2.515625
2.234375
2.234375
2.328125
2.343750
2.078125
2.015625
2.093750
2.062500
2.031250
2.203125
2.578125
2.687500
2.703125
2.750000
2.578125
2.390625
2.156250
2.109375
2.171875
2.390625
2.515625
2.531250
2.406250
2.390625
2.484375
2.515625
2.375000
4.296875
5.218750
9.625000
10.781250
4.796875
0.000000
0.000000
0.000000
1.562500
4.062500
3.328125
2.859375
2.968750
3.296875
3.109375
2.937500
2.921875
3.046875
3.531250
3.937500
3.796875
3.703125
3.578125
3.093750
2.531250
2.078125
2.343750
2.500000
2.343750
2.359375
2.687500
2.671875
2.546875
2.093750
1.687500
1.640625
1.937500
2.437500
1.921875
2.000000
2.078125
2.000000
1.718750
1.140625
1.125000
0.000000
0.000000
0.000000
0.000000
0.000000
0.000000
0.000000
0.000000
0.000000
0.000000
0.000000
0.000000
0.000000
0.000000
0.000000
0.000000
0.000000
0.000000
0.000000
0.000000
0.000000
0.000000
0.000000
0.000000
0.000000
0.000000
0.000000
0.000000
0.000000
0.000000
0.000000
0.000000
0.000000
0.000000
0.000000
0.000000
4.640625
7.234375
3.000000
1.187500
9.359375
17.671875
11.328125
0.000000
0.000000
0.000000
0.000000
0.000000
0.000000
0.000000
0.000000
0.000000
0.000000
0.000000
0.000000
0.000000
0.000000
0.000000
0.000000
0.000000
0.000000
0.000000
0.000000
0.000000
0.000000
0.000000
0.000000
0.000000
0.000000
0.406250
0.859375
0.000000
0.000000
0.000000
0.000000
0.000000
0.000000
0.000000
0.375000
