0000
0010
0022
0035
0040
004a
0053
0060
005a
005b
0059
005a
0059
0054
004c
004f
004a
0047
004b
0046
0049
0042
003e
0030
0032
002a
0034
003a
003e
003e
003c
0040
0043
004c
0056
0056
005a
0057
0058
005d
005f
0058
0054
004d
004a
0045
0046
0040
0046
003f
0041
003d
0044
004b
0051
0054
0050
0049
0048
0046
0050
0055
0057
0054
0050
0047
0044
0045
0043
0037
001b
0000
0000
0000
0000
0000
0000
0000
0000
0000
0000
0000
0000
0000
0000
0000
0000
0000
0011
0032
004f
0061
006f
0085
008d
0090
008b
0085
0082
0080
0076
0074
0071
0081
0087
008a
0084
0080
007b
007b
0072
0073
0071
006f
0065
005a
0050
004b
0043
0048
004f
0054
004d
0048
0044
003d
003f
0042
0041
0042
0040
0041
0041
0040
0037
0031
002a
0027
0020
001b
0007
0003
0000
0005
0014
0025
002f
0037
003b
0040
0046
004a
004f
0054
0051
0047
0046
0048
003a
0022
