02b8
0349
03e6
0319
0135
00fc
0107
01c7
026f
020d
0172
0141
015b
01a2
01e2
0206
00ed
0025
01c9
014f
01bf
062a
085b
093e
0864
04eb
028e
01e4
01fc
018b
0112
0084
006b
0000
0082
0217
03c7
04e4
0485
0220
0196
012c
0074
0000
0000
0050
0104
013a
00cb
0000
0000
0083
00c9
00c9
01b1
0311
0420
0203
01c7
0120
01cb
004c
00a3
0000
0103
0000
0000
0000
0000
0000
0055
011b
00dc
0116
013f
0155
02cc
018a
0000
0000
0000
0000
0000
0000
0000
0000
0000
0000
0000
0000
0000
0000
0000
0000
0000
0000
0000
0000
0000
0055
018c
0288
051b
0245
0000
0000
0000
0000
0000
0000
0000
0000
0000
0000
0000
0000
00a0
0000
0000
0000
00ac
00d6
017d
0009
0000
0000
0000
0000
0071
0000
0000
0000
0000
0000
0000
0000
0000
0000
0165
047d
0288
0380
0521
0588
04ad
02e5
008c
0000
0000
0000
0000
0000
0000
0000
0000
006b
0034
018e
01da
00f5
0043
0087
00cf
00a4
0268
032c
0316
0278
02d0
0262
02c1
0390
03ad
032c
0305
0113
00bd
006f
0000
0000
0000
0000
0104
020b
02ec
01ca
00e4
014e
01d3
02db
0351
0335
02bb
01a6
0234
02c3
0149
0126
00fe
00bb
0000
0000
0000
0000
0000
0000
0000
0000
0000
0000
0000
0000
0000
0000
0000
0000
0000
0000
0000
0000
0000
0000
0000
0000
0000
0000
0000
0000
0000
0000
0000
0000
0000
0000
0000
0000
0000
0000
0000
0000
0000
0000
0000
0000
0000
0000
0000
0000
0000
0000
0000
0000
0000
0000
0000
0000
0000
0000
0000
0000
0000
0000
0000
0000
0000
0000
0000
0000
0000
0000
0000
0000
0000
0000
0000
0000
0000
0000
0000
0000
01a1
0263
02d3
029a
01f0
01e1
020b
01dc
0208
0215
01e5
01fe
0225
0210
01eb
0290
03cc
04f0
0750
084b
0851
0891
090d
090b
075b
0399
0111
0114
0166
01b8
01bb
01f1
0191
0113
01a5
01e8
03cc
034b
03f8
021c
