0.000000
0.000000
0.000000
0.000000
0.000000
0.000000
0.000000
0.000000
0.000000
0.000000
0.000000
0.000000
0.000000
0.000000
0.000000
0.000000
0.328125
4.218750
3.531250
0.000000
1.609375
8.578125
0.000000
0.000000
0.000000
0.000000
0.000000
0.000000
0.000000
0.000000
0.000000
0.000000
0.000000
0.000000
0.000000
0.000000
0.000000
0.000000
0.000000
0.000000
0.000000
0.000000
0.000000
0.000000
0.000000
0.000000
0.000000
0.000000
0.000000
0.000000
0.000000
0.000000
0.000000
0.000000
0.000000
0.000000
0.000000
1.687500
7.593750
0.000000
0.000000
0.000000
0.000000
0.000000
0.000000
0.000000
0.000000
0.000000
0.000000
0.000000
0.000000
0.000000
0.000000
0.000000
0.000000
0.000000
0.000000
0.000000
0.000000
0.000000
5.406250
2.000000
0.156250
0.000000
0.000000
0.703125
1.421875
1.468750
0.812500
0.796875
0.203125
0.093750
0.359375
0.156250
0.046875
0.000000
0.000000
0.000000
12.734375
27.187500
36.343750
30.953125
16.078125
4.078125
2.859375
1.500000
1.078125
2.046875
1.546875
0.484375
0.000000
0.000000
0.000000
0.000000
0.156250
4.500000
4.562500
0.000000
0.000000
0.000000
0.750000
0.000000
0.000000
0.000000
0.000000
0.000000
0.000000
0.000000
0.000000
0.000000
0.000000
0.000000
0.000000
0.000000
0.000000
0.000000
0.000000
1.187500
0.406250
0.000000
0.000000
4.828125
1.531250
0.000000
0.000000
0.000000
0.000000
0.000000
0.000000
0.000000
0.000000
0.000000
0.000000
0.000000
0.000000
0.000000
0.000000
0.000000
0.000000
0.015625
0.000000
0.000000
0.000000
0.000000
0.359375
0.000000
0.000000
0.000000
0.000000
0.000000
0.000000
0.000000
0.000000
0.000000
0.000000
0.093750
0.062500
0.000000
0.000000
0.000000
1.765625
0.000000
0.000000
0.000000
0.000000
0.000000
0.000000
0.000000
0.000000
0.000000
0.000000
0.000000
0.000000
0.000000
0.000000
0.000000
0.000000
0.000000
0.531250
2.171875
1.750000
1.765625
0.000000
0.000000
0.000000
0.000000
0.000000
0.000000
0.000000
0.000000
0.000000
0.000000
0.000000
0.000000
0.000000
0.000000
0.000000
0.000000
0.000000
0.000000
1.953125
8.453125
2.671875
0.000000
0.000000
0.000000
0.000000
0.000000
0.000000
0.203125
0.000000
0.000000
0.000000
0.000000
0.000000
0.796875
2.562500
0.000000
0.000000
0.437500
0.000000
0.000000
0.000000
0.000000
0.000000
0.000000
0.000000
0.000000
0.000000
0.000000
0.000000
0.000000
0.000000
0.000000
0.000000
0.000000
0.000000
0.000000
0.000000
0.000000
0.000000
0.609375
0.000000
0.000000
0.000000
0.000000
0.000000
1.078125
0.531250
0.000000
0.000000
0.000000
0.000000
0.000000
0.375000
0.593750
0.000000
0.000000
0.000000
0.000000
0.812500
2.375000
1.750000
1.640625
1.046875
0.843750
0.906250
1.437500
1.968750
1.656250
1.531250
1.390625
1.406250
1.687500
1.531250
1.953125
3.468750
6.328125
7.656250
8.062500
0.000000
1.031250
1.031250
2.468750
2.281250
2.500000
2.312500
1.875000
1.718750
1.687500
1.296875
1.484375
1.562500
1.859375
0.781250
0.000000
1.234375
2.046875
2.187500
2.140625
0.062500
0.328125
1.203125
0.593750
0.625000
0.078125
0.000000
0.000000
0.468750
0.890625
0.562500
0.218750
0.000000
0.328125
0.484375
1.140625
2.671875
4.203125
7.687500
0.000000
4.062500
1.000000
0.359375
1.171875
0.812500
1.203125
1.937500
1.796875
1.359375
0.328125
0.453125
0.328125
0.906250
0.890625
0.343750
0.000000
0.000000
1.093750
1.718750
2.031250
0.531250
0.625000
0.109375
0.000000
0.000000
0.000000
0.218750
0.406250
0.453125
0.265625
0.000000
0.000000
0.046875
0.000000
0.000000
0.187500
0.734375
3.843750
8.984375
7.109375
12.593750
0.031250
0.000000
1.734375
0.625000
1.046875
1.421875
1.046875
0.390625
0.000000
0.000000
0.000000
0.000000
0.000000
0.437500
0.250000
0.000000
0.000000
0.546875
0.000000
2.312500
1.093750
0.000000
0.000000
0.000000
0.000000
0.000000
0.000000
0.000000
0.000000
0.000000
0.000000
0.000000
0.000000
0.000000
0.000000
0.000000
0.000000
1.359375
1.031250
6.843750
0.843750
4.062500
0.000000
0.000000
0.000000
0.000000
0.000000
0.000000
0.000000
0.296875
0.000000
0.000000
0.000000
0.000000
0.000000
1.953125
0.625000
0.000000
0.000000
0.000000
0.000000
2.062500
2.718750
2.750000
1.296875
0.656250
0.562500
1.890625
3.015625
2.531250
1.281250
0.984375
1.250000
2.312500
4.312500
4.343750
3.437500
2.531250
0.000000
6.046875
3.312500
1.687500
3.734375
4.125000
5.578125
7.171875
7.625000
5.671875
3.000000
1.906250
2.000000
2.734375
3.031250
2.468750
0.281250
0.000000
0.890625
5.234375
3.312500
1.375000
2.218750
2.203125
2.625000
2.406250
2.109375
1.796875
1.609375
1.921875
2.531250
2.593750
2.359375
1.734375
1.546875
2.281250
2.234375
0.843750
0.000000
1.156250
7.093750
9.812500
11.812500
5.281250
3.906250
4.218750
3.671875
4.312500
5.671875
5.125000
4.093750
1.968750
2.203125
1.703125
1.796875
1.968750
2.906250
1.984375
1.375000
1.343750
0.890625
0.000000
0.000000
0.000000
0.000000
0.000000
0.000000
0.000000
0.000000
0.000000
0.000000
0.000000
0.000000
0.000000
0.000000
0.000000
0.000000
0.734375
1.078125
6.593750
0.000000
0.000000
8.312500
0.000000
0.000000
0.000000
0.000000
0.000000
0.000000
0.000000
0.000000
0.000000
0.000000
0.000000
0.000000
0.000000
0.000000
0.000000
0.000000
0.000000
0.828125
0.000000
0.000000
0.000000
0.000000
0.000000
0.000000
0.000000
0.000000
0.000000
0.000000
0.000000
0.000000
0.000000
0.000000
0.000000
0.000000
0.562500
4.640625
5.171875
7.968750
0.000000
2.140625
0.000000
0.000000
0.000000
0.000000
0.000000
0.000000
0.390625
0.000000
0.000000
0.000000
0.000000
0.750000
0.125000
0.000000
0.000000
0.000000
0.187500
2.484375
0.000000
0.000000
0.000000
0.000000
0.000000
0.000000
0.000000
0.000000
0.000000
0.000000
0.000000
0.000000
0.000000
0.000000
0.000000
0.000000
0.000000
0.000000
0.218750
11.937500
11.562500
6.984375
0.234375
0.000000
0.000000
0.000000
0.000000
0.000000
0.000000
0.000000
0.000000
0.000000
0.000000
0.000000
0.000000
0.000000
0.000000
0.000000
0.000000
0.000000
