0041
014b
008c
0004
004c
0042
009a
0116
00a8
0000
0000
0011
00b9
0136
0108
0097
02d6
047b
057d
01f9
0029
0000
027b
0275
00d5
01cb
0172
002a
0000
000a
00b2
011a
015f
0122
0000
0000
01b4
01c1
003e
0000
009a
011b
00ab
0000
0000
0000
0000
007a
006e
0000
0000
0000
0003
0043
0056
0000
019f
01f6
0268
008e
0000
0000
01cb
024e
00ab
00a0
0000
0000
0000
0000
0000
0000
0000
0000
0000
0000
00c0
019a
001f
0000
0000
0000
0000
0000
0000
0000
0000
0000
0000
0000
0000
0000
0000
0000
0000
0000
0000
01e6
04d4
01cd
0212
0000
0000
0000
0000
0000
0000
0000
0000
0000
0000
0000
0000
0000
0075
0000
0000
0000
0000
0000
00d8
0130
0167
0000
0000
0000
0000
0000
007d
001e
0000
0000
0000
0000
0000
0000
0000
0000
0000
0000
0000
0000
0000
023c
015b
0000
0000
0000
0000
0000
0000
0000
0000
0000
0000
0000
0000
01ff
0013
0000
0013
0071
00e6
0023
0008
0000
0000
000c
005c
0018
0000
0000
0000
0006
007c
0117
041f
0491
06ce
00dc
036f
0079
0000
00d4
0166
0123
00ff
00b2
007f
003f
0000
0018
0097
008a
0023
0000
0000
00fb
00c3
00ea
0000
0000
0000
0000
0000
0000
0000
0000
0000
0000
0000
0000
0000
0000
0000
0015
0091
03f3
0285
0292
027f
0305
02a1
00e8
0011
0062
005a
004c
0093
00b6
0077
001d
0015
004c
003b
0004
0047
0000
003e
0082
0033
00e3
016e
024e
02d1
0276
01e6
018f
01bd
024a
02e0
0310
02c8
026d
026b
028f
0133
002a
0000
0000
0000
0000
0000
0000
00de
01ce
0219
027d
02c6
02e8
02e5
028f
0225
01e3
01d2
012f
0091
0111
01e6
02f5
0000
0000
0000
0001
00ee
00ea
0075
0000
0000
0000
00e3
00f7
00be
004f
0000
0057
0000
0000
0000
0000
0000
0000
0000
0000
0000
0000
0000
00e9
01d0
0185
0122
0110
008e
00ce
00b5
0019
0000
0000
0000
00d3
