0.453125
0.390625
0.390625
0.406250
0.390625
0.406250
0.406250
0.406250
0.421875
0.390625
0.375000
0.359375
0.359375
0.328125
0.328125
0.312500
0.343750
0.296875
0.296875
0.328125
0.296875
0.281250
0.312500
0.328125
0.328125
0.359375
0.375000
0.375000
0.390625
0.375000
0.390625
0.390625
0.406250
0.406250
0.421875
0.421875
0.406250
0.390625
0.390625
0.375000
0.375000
0.343750
0.328125
0.343750
0.296875
0.296875
0.296875
0.328125
0.328125
0.343750
0.312500
0.343750
0.343750
0.375000
0.343750
0.359375
0.343750
0.296875
0.312500
0.343750
0.328125
0.343750
0.328125
0.296875
0.296875
0.250000
0.234375
0.250000
0.234375
0.109375
0.015625
0.000000
0.000000
0.000000
0.000000
0.000000
0.000000
0.000000
0.000000
0.000000
0.000000
0.000000
0.000000
0.296875
0.625000
0.671875
0.656250
0.625000
0.656250
0.703125
0.718750
0.750000
0.765625
0.750000
0.750000
0.718750
0.718750
0.703125
0.671875
0.671875
0.656250
0.640625
0.671875
0.687500
0.718750
0.671875
0.656250
0.640625
0.593750
0.593750
0.578125
0.546875
0.531250
0.500000
0.406250
0.390625
0.359375
0.281250
0.312500
0.296875
0.312500
0.265625
0.281250
0.265625
0.265625
0.250000
0.265625
0.265625
0.265625
0.250000
0.218750
0.218750
0.218750
0.187500
0.187500
0.125000
0.156250
0.171875
0.171875
0.171875
0.171875
0.203125
0.234375
0.265625
0.296875
0.328125
0.328125
0.296875
0.296875
0.312500
0.281250
0.312500
0.296875
0.312500
0.281250
0.250000
0.250000
0.250000
0.109375
0.078125
0.078125
0.000000
0.000000
0.000000
0.000000
0.000000
0.000000
0.000000
0.000000
0.000000
0.000000
0.000000
0.000000
0.000000
0.000000
0.000000
0.000000
0.000000
0.000000
0.000000
0.015625
0.000000
0.000000
0.000000
0.000000
0.000000
0.000000
0.000000
0.000000
0.000000
0.000000
0.000000
0.000000
0.000000
0.000000
0.000000
0.000000
0.000000
0.000000
0.000000
0.000000
0.000000
0.000000
0.000000
0.000000
0.000000
0.000000
0.000000
0.000000
0.000000
0.000000
0.000000
0.000000
0.000000
0.000000
0.000000
0.000000
0.000000
0.000000
0.000000
0.000000
0.000000
0.000000
0.000000
0.000000
0.000000
0.000000
0.000000
0.000000
0.000000
0.000000
0.000000
0.000000
0.000000
0.000000
0.000000
0.000000
0.000000
0.000000
0.000000
0.000000
0.000000
0.000000
0.109375
0.140625
0.125000
0.093750
0.000000
0.015625
0.031250
0.015625
0.000000
0.031250
0.000000
0.000000
0.000000
0.015625
0.000000
0.000000
0.000000
0.000000
0.000000
0.000000
0.000000
0.015625
0.000000
0.000000
0.000000
0.000000
0.000000
0.015625
0.000000
0.000000
0.000000
0.000000
0.000000
0.000000
0.000000
0.000000
0.000000
0.000000
0.000000
0.000000
0.000000
0.000000
0.000000
0.000000
0.000000
0.000000
0.000000
0.000000
0.000000
0.000000
0.000000
0.000000
0.000000
0.000000
0.000000
0.000000
0.000000
0.000000
0.000000
0.000000
0.000000
0.000000
0.000000
0.000000
0.000000
0.000000
0.000000
0.000000
0.000000
0.000000
0.000000
0.000000
0.000000
0.000000
0.000000
0.000000
0.000000
