0196
012c
0074
0000
0000
0050
0104
013a
00cb
0000
0000
0083
00c9
00c9
01b1
0311
0420
0203
01c7
0120
01cb
004c
00a3
0000
0103
0000
0000
0000
0000
0000
0055
011b
00dc
0116
013f
0155
02cc
018a
0000
0000
00ac
00d6
017d
0009
0000
0000
0000
0000
0071
0000
0000
0000
0000
0000
0000
0000
0000
0000
0165
047d
0288
0380
0521
0588
04ad
02e5
008c
0000
0000
0000
0000
0000
0000
0000
0000
006b
0034
018e
01da
00f5
0000
0000
0000
0000
0000
0000
0000
0000
0000
0000
0000
0000
0000
0000
0000
0000
0000
0000
0000
0000
0000
0000
0000
0000
0000
0000
0000
0000
0000
0000
0000
0000
0000
0000
0000
0000
0000
0000
0000
0000
01a1
0263
02d3
029a
01f0
01e1
020b
01dc
0208
0215
01e5
01fe
0225
0210
01eb
0290
03cc
04f0
0750
084b
0851
0891
090d
090b
075b
0399
0111
0114
0166
01b8
01bb
01f1
0191
0113
01a5
01e8
03cc
034b
03f8
021c
