0.000000
0.250000
0.531250
0.828125
1.000000
1.156250
1.296875
1.500000
1.406250
1.421875
1.390625
1.406250
1.390625
1.312500
1.187500
1.234375
1.156250
1.109375
1.171875
1.093750
1.140625
1.031250
0.968750
0.750000
0.781250
0.656250
0.812500
0.906250
0.968750
0.968750
0.937500
1.000000
1.046875
1.187500
1.343750
1.343750
1.406250
1.359375
1.375000
1.453125
1.484375
1.375000
1.312500
1.203125
1.156250
1.078125
1.093750
1.000000
1.093750
0.984375
1.015625
0.953125
1.062500
1.171875
1.265625
1.312500
1.250000
1.140625
1.125000
1.093750
1.250000
1.328125
1.359375
1.312500
1.250000
1.109375
1.062500
1.078125
1.046875
0.859375
0.421875
0.000000
0.000000
0.000000
0.000000
0.000000
0.000000
0.000000
0.000000
0.000000
0.000000
0.000000
0.000000
0.000000
0.000000
0.000000
0.000000
0.000000
0.265625
0.781250
1.234375
1.515625
1.734375
2.078125
2.203125
2.250000
2.171875
2.078125
2.031250
2.000000
1.843750
1.812500
1.765625
2.015625
2.109375
2.156250
2.062500
2.000000
1.921875
1.921875
1.781250
1.796875
1.765625
1.734375
1.578125
1.406250
1.250000
1.171875
1.046875
1.125000
1.234375
1.312500
1.203125
1.125000
1.062500
0.953125
0.984375
1.031250
1.015625
1.031250
1.000000
1.015625
1.015625
1.000000
0.859375
0.765625
0.656250
0.609375
0.500000
0.421875
0.109375
0.046875
0.000000
0.078125
0.312500
0.578125
0.734375
0.859375
0.921875
1.000000
1.093750
1.156250
1.234375
1.312500
1.265625
1.109375
1.093750
1.125000
0.906250
0.531250
