0031
0021
0000
0000
0000
0000
0000
0000
0000
0000
0000
0000
0000
0000
0000
0000
0000
0000
0000
0000
0000
0000
0000
0000
0000
0000
0000
0000
0000
0000
0000
0000
0000
0000
0000
0000
0034
001a
003b
0064
0075
00b4
00ae
0053
0000
0000
0000
0000
0000
0000
0000
0000
0000
0000
0000
0000
0000
0000
0000
0000
0000
0000
0000
0000
0000
0000
0000
0000
0000
0000
0000
000c
0000
0000
0000
0000
0000
0000
0000
0000
0025
002e
0020
002f
0038
003a
0037
0032
0033
0030
0029
001d
001a
001d
0020
002b
002e
0030
0035
003a
003b
0037
002d
0027
0025
002a
002b
002d
0032
0036
0036
0036
0031
0039
003f
0032
0072
00a0
009d
008e
0091
00c8
00ae
0081
0028
002d
003a
0046
0053
0053
004e
0051
0052
0057
004f
004f
004c
0042
003a
0036
0035
0035
0028
0024
0025
0027
0026
0025
0015
0015
0004
000e
0016
0016
0026
002a
0030
0034
0042
0035
