0.000000
0.000000
0.000000
0.000000
0.000000
0.000000
0.000000
0.000000
0.000000
0.000000
0.000000
0.000000
0.000000
0.000000
0.000000
0.000000
0.000000
0.000000
0.000000
1.375000
5.281250
3.125000
8.234375
1.593750
0.000000
0.000000
0.000000
0.000000
0.000000
0.000000
0.000000
0.000000
0.000000
0.000000
0.000000
0.000000
0.171875
0.000000
0.000000
0.000000
2.796875
1.312500
6.625000
11.984375
11.343750
9.609375
6.765625
5.750000
7.093750
10.312500
12.500000
12.734375
11.468750
10.171875
10.343750
11.906250
16.640625
18.390625
1.281250
0.000000
0.000000
0.000000
0.000000
0.000000
10.109375
11.062500
9.203125
10.593750
12.937500
14.484375
13.203125
11.156250
10.671875
8.640625
5.687500
5.093750
2.796875
0.640625
11.296875
13.156250
0.000000
2.687500
4.187500
2.937500
2.390625
2.328125
1.250000
1.187500
2.812500
2.203125
1.921875
1.859375
1.531250
2.031250
3.031250
4.453125
6.859375
20.281250
22.125000
29.218750
17.359375
4.453125
4.562500
3.984375
2.859375
3.828125
4.859375
3.515625
1.718750
1.750000
1.531250
2.234375
2.421875
3.875000
3.890625
1.671875
0.000000
4.265625
6.671875
2.046875
0.000000
0.000000
0.046875
0.937500
1.671875
0.375000
0.000000
0.000000
0.000000
1.250000
0.000000
0.062500
0.000000
0.015625
1.468750
1.203125
0.359375
0.000000
12.750000
0.000000
0.000000
0.000000
0.000000
0.000000
0.000000
0.078125
4.218750
2.781250
0.000000
0.000000
0.000000
1.343750
2.156250
3.171875
3.968750
0.000000
0.000000
0.000000
0.000000
5.843750
