0169
014a
0050
0000
0000
010e
01b6
021e
014a
0045
004a
0131
01ea
0214
01e4
018c
0000
0000
0000
0000
00d1
028f
0043
061b
01de
0000
0000
0000
0000
0083
0135
015b
001a
0000
0000
0189
0256
013f
0000
0000
0006
0085
00b8
004d
0000
0000
0000
0000
0000
0000
0000
0000
0000
0000
0000
0000
0149
0000
0384
0411
0208
0138
0000
0000
0000
0000
0000
0000
0000
0000
0000
0000
0000
0019
0000
0000
0000
010a
0063
00b0
0000
0000
0000
0000
0000
0041
0000
0000
0000
0000
0000
0000
0000
0000
0000
0000
019a
04bf
062a
049e
0157
0000
0000
0000
0000
0000
0000
0000
0000
0000
0006
0111
01cd
01a3
0077
0050
0000
0000
0000
0000
0002
002a
0000
0000
0000
0000
0000
0000
0000
0000
0000
0000
0000
0000
0000
0000
0000
0000
0000
0000
018d
0000
0000
0057
0000
0000
0000
0000
0000
0000
0000
0000
0000
0000
0000
0000
0000
0000
0000
0000
0153
0103
0078
00d6
0134
01f2
025b
0242
018e
013c
0160
0222
028b
027b
02d7
023a
0239
0000
040f
0266
005f
0340
051b
0750
04e8
03bd
034a
0321
0376
045e
04a2
0372
023d
0154
0198
01f6
0312
0240
0000
00aa
01e4
0259
01e1
00d7
0000
0000
0000
0000
00af
00ac
0034
0000
0000
0000
0000
0000
0000
0000
0000
0000
010d
01ca
0942
0686
020e
0085
0000
0000
0000
0000
0000
0000
0000
0000
0000
0000
00a1
01ca
00e8
000f
0000
00b1
0169
0139
0293
0404
0386
0329
02a3
025d
02b0
03b5
041a
042e
04b0
0726
088c
0c64
0b02
0b8e
050e
0000
0000
0000
0000
00d3
03c6
0446
041f
0401
0391
03b3
03ee
03f1
0419
0344
0208
0163
012b
00b6
0000
0039
0106
0169
0000
0000
0000
0000
0019
0085
0004
0000
0000
0000
0000
0000
0000
0000
0000
0272
0217
06da
0b06
0816
04b4
0143
002c
0022
0000
006b
00c1
0035
0000
0000
0000
0000
0000
019a
01c6
00f8
