0.000000
0.000000
0.000000
4.359375
8.437500
5.781250
0.000000
0.000000
0.000000
0.000000
0.000000
3.093750
0.968750
0.000000
0.000000
21.140625
13.500000
23.234375
16.171875
5.687500
20.875000
34.296875
23.734375
36.890625
26.390625
16.296875
1.453125
0.000000
0.000000
0.000000
0.000000
0.000000
0.000000
6.031250
11.375000
1.875000
0.000000
0.000000
0.000000
0.000000
15.281250
13.390625
18.515625
26.812500
25.046875
17.828125
9.312500
9.671875
15.437500
20.750000
21.593750
15.765625
5.375000
4.421875
0.000000
0.000000
0.000000
0.000000
0.000000
0.000000
0.000000
10.562500
23.890625
23.890625
38.953125
16.187500
47.953125
20.500000
5.875000
2.093750
0.000000
0.000000
0.000000
0.000000
4.046875
11.953125
15.484375
10.921875
30.421875
29.968750
0.000000
0.015625
0.000000
3.968750
3.203125
0.000000
0.000000
0.000000
0.000000
0.000000
0.000000
0.000000
0.000000
0.000000
0.000000
0.000000
0.000000
0.000000
0.000000
19.484375
33.093750
27.281250
30.859375
23.703125
6.453125
22.531250
10.390625
3.812500
5.703125
3.218750
2.968750
1.296875
1.859375
2.671875
0.000000
0.000000
0.203125
0.000000
0.000000
11.203125
10.093750
8.625000
16.015625
16.921875
16.578125
6.203125
0.000000
0.000000
0.000000
4.343750
6.312500
1.109375
0.000000
0.000000
0.109375
0.000000
0.000000
0.000000
0.000000
0.000000
0.000000
23.281250
20.343750
42.125000
43.781250
47.484375
41.625000
12.296875
3.578125
0.000000
0.000000
0.000000
0.000000
1.968750
4.500000
0.000000
0.000000
0.421875
6.703125
7.296875
0.000000
0.000000
0.000000
0.000000
7.859375
11.312500
5.781250
4.437500
3.703125
8.062500
16.984375
19.046875
17.203125
19.015625
20.140625
35.453125
33.453125
54.234375
65.093750
60.828125
72.203125
38.437500
12.890625
0.000000
0.000000
0.000000
0.000000
6.421875
15.500000
16.234375
15.000000
14.765625
19.218750
30.953125
37.828125
19.765625
2.437500
0.000000
0.000000
0.000000
9.828125
2.843750
3.359375
0.000000
4.421875
10.203125
10.921875
10.375000
10.250000
11.750000
15.953125
18.218750
23.687500
28.046875
32.515625
30.062500
22.828125
7.296875
0.000000
0.000000
1.406250
36.640625
36.625000
0.000000
0.000000
0.000000
0.000000
0.000000
2.390625
6.062500
5.156250
4.031250
4.343750
7.750000
20.687500
26.515625
12.578125
5.484375
0.000000
0.000000
5.781250
5.093750
2.078125
0.000000
0.000000
7.453125
14.937500
12.640625
8.500000
2.218750
1.468750
6.000000
9.015625
12.171875
11.812500
13.421875
21.218750
41.171875
32.218750
24.421875
0.000000
7.593750
2.421875
2.937500
18.234375
2.265625
5.750000
13.203125
12.843750
16.953125
20.515625
18.359375
10.437500
3.031250
0.000000
13.296875
15.796875
6.984375
1.500000
0.000000
0.000000
0.000000
0.515625
3.375000
2.484375
0.000000
8.750000
21.078125
21.156250
15.687500
10.328125
3.343750
2.171875
9.359375
9.703125
30.046875
22.078125
37.984375
48.921875
65.281250
31.781250
0.000000
0.000000
0.000000
0.000000
0.000000
0.000000
6.812500
14.718750
21.937500
22.843750
18.515625
11.500000
7.359375
0.000000
0.640625
13.265625
12.703125
8.593750
14.328125
