7.359375
2.156250
0.000000
5.484375
11.562500
13.703125
11.265625
7.625000
3.734375
6.546875
12.546875
15.859375
15.328125
13.109375
14.765625
20.687500
44.734375
54.796875
75.234375
56.578125
49.000000
25.250000
16.203125
0.000000
0.000000
0.000000
4.656250
9.250000
15.312500
18.953125
15.109375
10.437500
13.062500
16.453125
14.968750
13.734375
11.359375
0.000000
0.000000
5.875000
0.000000
0.031250
1.531250
4.968750
3.343750
0.000000
0.000000
0.000000
0.000000
0.000000
1.734375
0.000000
0.000000
0.000000
0.000000
0.000000
0.000000
0.000000
0.000000
0.000000
0.000000
0.000000
3.921875
0.000000
0.000000
0.000000
0.000000
0.000000
0.000000
0.000000
0.000000
0.000000
0.000000
0.000000
0.000000
0.000000
0.000000
0.000000
0.000000
4.468750
0.000000
0.000000
0.000000
0.000000
0.000000
0.000000
0.000000
0.000000
0.000000
0.000000
0.000000
0.000000
0.000000
0.000000
0.000000
0.000000
0.000000
0.000000
0.000000
0.000000
0.000000
0.000000
0.000000
0.000000
0.000000
0.000000
0.000000
0.000000
0.000000
0.000000
0.000000
0.000000
0.000000
0.000000
0.000000
0.000000
0.000000
0.000000
0.000000
5.875000
4.968750
5.484375
5.859375
1.765625
0.000000
0.000000
0.031250
1.593750
4.671875
2.593750
0.000000
0.000000
0.000000
0.000000
0.000000
0.000000
0.000000
0.000000
0.000000
0.000000
15.875000
17.703125
16.250000
0.000000
3.390625
0.000000
0.000000
0.000000
0.000000
0.000000
0.000000
0.000000
0.000000
0.000000
0.000000
0.656250
6.937500
7.546875
13.546875
6.203125
8.375000
13.140625
14.609375
2.343750
0.000000
0.000000
1.515625
4.343750
3.218750
0.000000
0.000000
0.000000
0.000000
0.000000
0.000000
0.000000
0.000000
0.000000
0.000000
0.000000
11.562500
33.937500
45.031250
47.375000
32.718750
10.875000
2.375000
0.000000
0.000000
0.000000
0.000000
0.000000
0.000000
0.000000
0.000000
6.796875
10.734375
15.390625
7.375000
0.000000
0.000000
0.000000
0.000000
9.515625
14.984375
8.921875
3.546875
0.000000
0.000000
6.296875
13.609375
12.593750
7.875000
3.296875
7.171875
6.671875
4.531250
0.000000
0.000000
0.000000
0.000000
0.000000
0.000000
0.000000
0.000000
0.000000
1.328125
4.250000
7.109375
6.687500
0.281250
0.000000
0.000000
2.359375
3.359375
0.000000
0.000000
0.000000
0.000000
12.906250
13.875000
12.062500
0.000000
0.000000
0.000000
0.000000
0.187500
0.000000
0.000000
0.000000
0.000000
0.000000
0.000000
0.000000
0.000000
0.000000
0.000000
0.000000
0.000000
10.828125
31.484375
32.500000
58.890625
42.890625
0.000000
0.000000
0.000000
0.000000
0.000000
0.000000
0.000000
0.000000
0.000000
0.000000
0.000000
6.281250
17.546875
2.984375
0.000000
5.171875
8.328125
7.093750
4.828125
1.953125
0.000000
3.234375
10.203125
11.031250
5.296875
2.296875
0.000000
3.656250
8.625000
11.937500
14.203125
20.296875
28.890625
8.390625
0.000000
0.000000
0.000000
0.000000
0.000000
0.000000
9.015625
0.734375
0.000000
0.000000
0.000000
0.000000
0.000000
0.000000
0.000000
0.000000
0.000000
8.343750
14.359375
6.921875
3.578125
0.000000
