1.703125
4.765625
5.453125
5.265625
4.640625
3.734375
3.156250
4.015625
5.171875
5.687500
5.296875
5.031250
4.265625
5.078125
5.000000
4.890625
5.015625
1.703125
0.000000
0.000000
0.000000
8.953125
2.000000
6.812500
7.968750
7.437500
8.203125
7.218750
6.281250
5.593750
4.781250
4.562500
4.000000
3.265625
1.484375
0.937500
2.218750
4.468750
4.578125
4.468750
0.062500
0.328125
1.203125
0.593750
0.625000
0.078125
0.000000
0.000000
0.468750
0.890625
0.562500
0.218750
0.000000
0.328125
0.484375
1.140625
2.671875
4.203125
7.687500
0.000000
4.062500
1.000000
0.359375
1.171875
0.812500
1.203125
1.937500
1.796875
1.359375
0.328125
0.453125
0.328125
0.906250
0.890625
0.343750
0.000000
0.000000
1.093750
1.718750
2.031250
0.000000
0.000000
0.000000
0.000000
0.000000
0.000000
0.000000
0.000000
0.000000
0.000000
0.000000
0.000000
0.000000
0.000000
0.000000
0.000000
0.000000
0.000000
0.000000
7.000000
0.000000
5.890625
0.000000
0.000000
0.000000
0.000000
0.000000
0.000000
0.000000
0.000000
0.000000
0.000000
0.000000
0.000000
0.000000
0.000000
0.000000
0.000000
0.000000
0.000000
0.531250
0.625000
0.109375
0.000000
0.000000
0.000000
0.218750
0.406250
0.453125
0.265625
0.000000
0.000000
0.046875
0.000000
0.000000
0.187500
0.734375
3.843750
8.984375
7.109375
12.593750
0.031250
0.000000
1.734375
0.625000
1.046875
1.421875
1.046875
0.390625
0.000000
0.000000
0.000000
0.000000
0.000000
0.437500
0.250000
0.000000
0.000000
0.546875
0.000000
0.000000
3.531250
4.593750
3.687500
3.390625
2.500000
2.203125
3.218750
4.203125
3.890625
3.515625
3.343750
3.531250
4.171875
4.015625
3.968750
1.562500
2.093750
0.000000
0.000000
0.000000
0.000000
0.000000
4.328125
4.421875
5.296875
5.109375
2.843750
1.781250
2.015625
3.500000
3.187500
3.078125
2.671875
1.109375
0.000000
0.000000
3.937500
3.890625
2.406250
2.312500
1.093750
0.000000
0.000000
0.000000
0.000000
0.000000
0.000000
0.000000
0.000000
0.000000
0.000000
0.000000
0.000000
0.000000
0.000000
0.000000
0.000000
1.359375
1.031250
6.843750
0.843750
4.062500
0.000000
0.000000
0.000000
0.000000
0.000000
0.000000
0.000000
0.296875
0.000000
0.000000
0.000000
0.000000
0.000000
1.953125
0.625000
0.000000
0.000000
0.000000
1.640625
0.937500
0.609375
0.390625
0.296875
0.343750
0.828125
0.984375
0.968750
0.703125
0.546875
0.640625
0.781250
0.921875
0.843750
0.328125
0.359375
4.312500
3.500000
3.312500
0.000000
0.875000
1.890625
1.421875
1.265625
1.359375
1.140625
0.484375
0.593750
0.578125
0.593750
0.343750
0.421875
0.000000
0.062500
0.375000
1.546875
0.562500
0.000000
0.000000
0.000000
2.062500
2.718750
2.750000
1.296875
0.656250
0.562500
1.890625
3.015625
2.531250
1.281250
0.984375
1.250000
2.312500
4.312500
4.343750
3.437500
2.531250
0.000000
6.046875
3.312500
1.687500
3.734375
4.125000
5.578125
7.171875
7.625000
5.671875
3.000000
1.906250
2.000000
2.734375
3.031250
2.468750
0.281250
0.000000
0.890625
5.234375
3.312500
