0000
0000
0000
0000
0000
0000
0000
0000
0000
0000
0000
0000
0000
0000
0000
0000
0000
0000
0000
0000
0000
0000
0000
0000
0000
0000
0000
0000
0000
0000
0000
0000
0000
0000
0000
0000
00ad
00d3
0000
0000
0000
0000
0000
0000
0000
0000
0000
0000
0000
0000
0000
0000
0000
0000
0000
0000
0000
0000
0000
0000
0000
0000
0000
0000
0000
0000
0000
0000
0000
0000
0000
0000
0000
0000
0000
0000
0000
0000
0000
0000
0000
0031
0000
0000
0000
0008
0031
0020
0013
0000
0000
0000
0000
0000
0000
0000
000e
0019
002e
003d
0038
0025
0010
0004
0000
0000
0000
0006
001e
001f
0002
0000
0000
0000
0000
0000
0000
0000
0000
0000
0000
002b
018b
039b
03f1
0265
0043
0076
0088
0088
0067
0042
003c
0051
0076
0084
007c
0057
005a
004e
0035
0018
0023
002b
0024
0000
0000
0000
0000
0000
0000
0050
0077
0051
0000
0000
0000
0000
0000
0003
