000c
0014
0023
0038
0038
0032
003e
0043
0041
0038
0033
003c
0039
002e
002d
002e
0030
002b
0024
002e
0033
0025
0020
001d
0019
0019
0026
002d
0031
002c
0026
0029
0034
0038
003d
0042
0038
0033
003e
0041
003b
0036
0034
0029
0027
0027
0026
002b
002c
002a
0026
0028
0031
0036
003c
003b
0031
002a
0024
0031
0039
003a
003a
0035
002a
0028
0025
002b
0026
0012
0000
0000
0000
0000
0000
0000
0000
0000
0000
0000
0000
0000
0000
0000
0034
0036
000e
0005
0022
0048
0050
004f
0060
006a
0066
0062
0057
0054
0052
0053
004d
0041
0047
005d
0066
0061
0056
0056
0051
0046
0048
004a
004d
0044
003b
002e
0028
0022
0021
002f
003b
0037
002f
0026
0024
0023
0027
002a
002f
0029
0025
002a
002b
0026
0018
0013
0012
0015
0011
0002
0000
0000
0000
0008
0014
002c
002e
0029
0029
002c
0031
0035
003d
0039
0031
0028
002d
0029
0021
0007
