0.093750
0.406250
1.843750
1.906250
1.593750
1.765625
1.718750
1.703125
1.531250
1.328125
1.031250
1.000000
0.765625
0.609375
0.484375
0.828125
0.968750
1.328125
1.671875
1.671875
1.765625
1.765625
1.640625
1.312500
1.031250
0.750000
1.031250
1.234375
1.328125
1.390625
1.406250
1.625000
2.500000
3.328125
4.812500
8.187500
9.984375
12.171875
10.406250
2.812500
0.765625
0.000000
0.000000
0.000000
2.890625
2.109375
1.937500
2.437500
2.406250
2.046875
1.875000
1.937500
2.421875
2.796875
3.046875
2.984375
2.906250
2.906250
2.843750
2.203125
1.500000
1.265625
1.437500
1.406250
1.359375
1.578125
2.093750
2.781250
2.062500
1.671875
0.890625
0.000000
0.000000
0.718750
1.046875
1.234375
1.484375
2.421875
2.734375
3.734375
1.531250
1.828125
2.578125
3.093750
3.281250
3.531250
3.593750
3.406250
3.359375
3.109375
2.843750
2.484375
2.281250
2.156250
2.078125
2.531250
2.718750
3.062500
3.390625
3.546875
3.453125
3.500000
3.437500
3.187500
2.875000
2.781250
2.937500
3.140625
3.250000
3.343750
3.359375
3.468750
3.187500
1.500000
0.062500
0.000000
0.390625
1.546875
1.312500
1.359375
1.359375
1.250000
2.546875
0.750000
1.953125
2.265625
2.468750
3.718750
3.890625
3.890625
3.890625
3.937500
4.171875
4.500000
4.703125
4.656250
4.375000
4.203125
3.968750
3.718750
3.468750
3.296875
3.375000
3.281250
3.250000
3.265625
2.718750
2.015625
1.484375
0.625000
0.515625
1.250000
1.718750
2.687500
3.078125
3.203125
3.000000
2.703125
2.203125
1.671875
2.343750
2.046875
2.343750
3.015625
3.015625
3.140625
3.203125
3.000000
2.906250
2.703125
2.515625
1.968750
1.687500
1.546875
1.531250
1.906250
2.187500
2.578125
3.093750
3.281250
3.156250
2.984375
2.968750
2.796875
2.375000
2.265625
2.531250
2.718750
2.875000
2.953125
3.171875
3.109375
3.171875
2.390625
1.125000
0.171875
0.000000
0.000000
0.000000
0.546875
3.125000
7.656250
9.687500
8.171875
3.843750
1.843750
1.953125
3.328125
3.531250
3.328125
3.500000
3.546875
3.984375
3.968750
4.046875
4.031250
3.734375
3.406250
3.125000
3.359375
3.296875
2.859375
3.015625
2.875000
2.781250
2.859375
2.703125
2.375000
2.421875
2.203125
1.859375
1.859375
2.000000
2.515625
2.671875
2.906250
2.859375
3.218750
2.734375
2.187500
1.703125
3.500000
4.203125
4.250000
4.968750
4.906250
4.671875
4.328125
4.265625
4.015625
3.546875
3.062500
3.046875
3.343750
3.406250
3.765625
4.281250
4.843750
5.171875
5.265625
4.843750
4.375000
4.093750
3.953125
3.718750
3.703125
4.218750
4.453125
4.312500
4.390625
4.656250
4.468750
4.656250
3.781250
2.671875
2.812500
1.875000
1.031250
0.625000
0.140625
0.765625
4.250000
6.937500
8.031250
5.875000
6.906250
7.734375
8.500000
7.906250
7.312500
7.093750
7.562500
8.000000
7.875000
7.562500
7.078125
6.390625
5.437500
4.781250
4.562500
4.406250
3.984375
3.765625
3.843750
3.781250
3.843750
3.468750
3.218750
2.687500
2.203125
1.000000
1.046875
2.046875
2.843750
3.375000
4.265625
4.406250
4.593750
3.703125
2.296875
0.000000
0.000000
0.203125
0.968750
1.171875
0.937500
1.250000
1.234375
1.062500
0.578125
0.750000
0.421875
0.109375
0.156250
0.437500
0.468750
0.671875
1.062500
1.046875
0.937500
1.109375
1.156250
0.859375
0.937500
0.968750
0.890625
0.906250
1.343750
1.562500
0.984375
1.140625
1.437500
0.921875
0.578125
1.718750
1.984375
0.984375
0.859375
1.312500
1.625000
1.093750
0.000000
0.000000
0.000000
0.000000
0.000000
0.000000
0.000000
0.250000
0.593750
0.765625
0.687500
0.656250
0.671875
0.359375
0.093750
0.046875
0.203125
0.359375
0.593750
1.437500
1.562500
1.218750
1.390625
1.484375
1.109375
1.593750
1.437500
0.812500
0.562500
0.187500
0.000000
0.000000
0.671875
1.328125
1.218750
1.453125
1.140625
0.890625
0.546875
2.093750
1.546875
2.218750
2.656250
2.468750
2.390625
2.734375
2.656250
2.515625
2.234375
2.234375
2.328125
2.343750
2.078125
2.015625
2.093750
2.062500
2.031250
2.203125
2.578125
2.687500
2.703125
2.750000
2.578125
2.390625
2.156250
2.109375
2.171875
2.390625
2.515625
2.531250
2.406250
2.390625
2.484375
2.515625
2.375000
4.296875
5.218750
9.625000
10.781250
4.796875
0.000000
0.031250
0.000000
1.562500
4.062500
3.328125
2.859375
2.968750
3.296875
3.109375
2.937500
2.921875
3.046875
3.531250
3.937500
3.796875
3.703125
3.578125
3.093750
2.531250
2.078125
2.343750
2.500000
2.343750
2.359375
2.687500
2.671875
2.546875
2.093750
1.687500
1.640625
1.937500
2.437500
1.921875
2.000000
2.078125
2.000000
1.718750
1.140625
0.375000
2.562500
4.281250
6.781250
7.890625
7.625000
7.234375
6.968750
7.062500
6.703125
5.843750
5.671875
6.031250
6.515625
6.656250
7.343750
7.906250
8.078125
8.109375
7.890625
7.437500
6.906250
6.765625
6.890625
7.109375
7.406250
7.656250
7.312500
7.218750
7.656250
7.500000
6.843750
5.937500
4.421875
2.734375
1.625000
3.062500
0.000000
0.578125
2.687500
10.921875
12.281250
4.703125
1.390625
2.796875
7.781250
10.765625
11.515625
11.156250
11.734375
12.093750
12.578125
12.015625
11.046875
9.921875
9.218750
7.875000
6.468750
6.250000
6.750000
6.968750
6.531250
6.062500
6.234375
6.140625
5.500000
4.750000
4.328125
3.968750
3.406250
2.484375
2.093750
1.921875
3.875000
6.250000
7.031250
6.984375
6.265625
4.453125
2.265625
1.125000
0.609375
0.359375
0.625000
0.671875
0.734375
0.687500
0.578125
0.609375
0.656250
0.531250
0.562500
0.375000
0.375000
0.468750
0.546875
0.593750
0.609375
0.593750
0.718750
0.750000
0.609375
0.593750
0.562500
0.531250
0.593750
0.546875
0.640625
0.687500
0.671875
0.578125
0.687500
0.640625
0.515625
0.453125
0.375000
0.000000
4.640625
7.234375
3.656250
2.734375
10.281250
18.656250
11.609375
0.000000
0.171875
0.656250
0.765625
0.843750
0.828125
0.750000
0.781250
0.812500
0.875000
0.828125
0.875000
0.781250
0.750000
0.625000
0.687500
0.593750
0.671875
0.578125
0.531250
0.546875
0.687500
0.546875
0.593750
0.515625
0.375000
0.656250
1.015625
0.312500
0.390625
0.609375
0.640625
0.640625
0.765625
0.437500
0.890625
1.171875
2.500000
0.546875
0.000000
0.000000
0.000000
0.000000
0.000000
0.000000
0.000000
0.000000
0.000000
0.000000
0.062500
0.187500
0.078125
0.000000
0.000000
0.000000
0.000000
0.000000
0.000000
0.000000
0.000000
0.000000
0.000000
0.000000
0.000000
0.000000
0.000000
0.000000
0.000000
0.000000
0.000000
0.890625
4.328125
3.859375
5.718750
11.578125
11.343750
9.093750
8.375000
10.171875
8.250000
4.750000
2.421875
0.578125
0.000000
0.000000
0.000000
0.000000
0.000000
0.000000
0.000000
0.000000
0.000000
0.000000
0.000000
0.000000
0.000000
0.000000
0.000000
0.000000
0.000000
0.000000
0.000000
0.000000
0.000000
0.000000
0.000000
0.000000
0.000000
0.765625
0.328125
0.000000
0.000000
0.000000
0.000000
0.000000
0.000000
0.515625
0.312500
0.000000
0.000000
0.000000
0.953125
1.328125
1.156250
0.968750
1.171875
1.218750
1.109375
0.953125
1.000000
0.984375
1.187500
1.140625
1.187500
1.156250
1.359375
1.375000
1.187500
1.046875
1.125000
1.187500
1.156250
1.187500
1.218750
1.140625
1.140625
1.218750
1.375000
1.421875
1.453125
3.265625
2.250000
1.171875
5.281250
6.125000
3.171875
0.328125
1.046875
6.046875
2.921875
2.656250
0.000000
0.000000
0.562500
1.625000
1.828125
2.000000
2.296875
2.203125
2.218750
1.968750
1.656250
1.640625
1.203125
0.921875
0.703125
0.765625
0.921875
0.984375
1.015625
0.859375
1.015625
0.906250
0.734375
0.468750
0.531250
0.437500
0.859375
0.515625
0.000000
0.000000
0.000000
1.171875
0.984375
1.109375
1.625000
0.000000
0.187500
0.000000
0.000000
0.500000
1.218750
1.156250
0.984375
1.062500
1.109375
0.703125
0.484375
0.406250
0.000000
0.000000
0.000000
0.125000
0.375000
0.875000
1.312500
1.296875
1.156250
0.953125
0.484375
0.015625
0.078125
0.343750
0.359375
0.562500
0.828125
0.906250
0.984375
1.765625
2.203125
0.000000
0.562500
4.281250
7.484375
6.609375
4.453125
3.421875
7.375000
8.562500
3.828125
1.421875
0.109375
1.031250
1.750000
1.843750
1.718750
1.187500
1.234375
1.781250
2.343750
2.843750
3.343750
3.093750
2.531250
1.812500
1.046875
0.625000
0.625000
0.703125
0.968750
0.859375
0.921875
0.937500
1.062500
1.578125
1.750000
2.234375
0.937500
0.078125
0.000000
0.000000
0.000000
0.921875
2.093750
2.687500
3.781250
0.000000
0.000000
0.000000
0.031250
1.750000
2.421875
2.796875
3.000000
2.968750
2.640625
2.468750
2.375000
1.984375
1.609375
1.437500
1.421875
1.546875
1.843750
2.250000
2.500000
2.640625
2.796875
3.062500
2.875000
2.343750
2.046875
1.937500
2.234375
2.484375
2.593750
2.484375
2.406250
1.812500
1.125000
0.703125
1.156250
0.781250
1.328125
1.703125
2.859375
3.328125
1.984375
1.140625
0.218750
0.000000
0.000000
0.000000
1.125000
2.468750
3.265625
3.375000
2.859375
2.593750
2.890625
3.187500
3.218750
2.906250
3.015625
3.093750
2.968750
2.421875
2.312500
2.687500
2.671875
2.562500
2.187500
2.234375
2.156250
2.484375
2.734375
2.031250
0.718750
0.000000
0.000000
0.171875
1.734375
1.953125
1.890625
2.421875
3.359375
1.828125
3.500000
5.968750
5.609375
4.875000
3.531250
3.046875
2.515625
2.171875
1.843750
1.812500
2.062500
2.531250
2.687500
3.187500
3.421875
3.703125
3.562500
3.390625
3.046875
2.859375
2.781250
2.750000
2.828125
2.718750
2.906250
3.343750
3.437500
3.156250
3.000000
2.281250
1.265625
0.562500
0.484375
0.093750
0.000000
0.328125
0.093750
0.000000
0.453125
1.109375
1.531250
0.578125
0.000000
6.140625
8.000000
6.812500
5.546875
5.015625
4.937500
4.281250
3.515625
3.000000
2.640625
2.078125
1.984375
1.718750
1.906250
2.281250
2.468750
2.562500
2.531250
2.453125
2.390625
2.218750
1.625000
1.468750
0.531250
0.234375
0.078125
0.093750
0.734375
3.109375
4.937500
5.250000
4.125000
1.968750
0.453125
0.359375
0.000000
0.796875
1.359375
0.781250
0.546875
0.250000
0.296875
0.140625
0.203125
0.250000
0.250000
0.312500
0.437500
0.640625
0.796875
0.625000
0.656250
0.703125
0.562500
0.281250
0.359375
0.203125
0.140625
0.171875
0.265625
0.453125
0.562500
0.546875
0.390625
0.203125
0.234375
0.328125
0.156250
0.015625
0.234375
0.078125
0.296875
4.218750
5.640625
4.046875
6.062500
6.484375
5.781250
4.234375
3.015625
2.531250
1.625000
1.265625
0.828125
0.593750
0.703125
0.656250
0.828125
0.671875
0.593750
0.500000
0.390625
0.421875
0.187500
0.078125
0.218750
0.234375
0.015625
0.109375
0.296875
0.187500
0.156250
0.031250
0.000000
0.062500
0.296875
0.531250
0.921875
1.046875
0.640625
0.531250
0.375000
0.234375
0.078125
0.109375
0.000000
1.000000
0.000000
0.000000
0.000000
0.000000
0.000000
0.000000
0.000000
0.000000
0.000000
0.000000
0.000000
0.000000
0.000000
0.000000
0.000000
0.000000
0.000000
0.000000
0.000000
0.000000
0.000000
0.000000
0.000000
0.000000
0.000000
0.000000
0.000000
0.000000
0.000000
0.000000
0.000000
0.000000
0.000000
0.000000
2.031250
7.015625
11.781250
13.906250
21.156250
23.875000
17.468750
11.796875
3.562500
0.000000
0.000000
0.000000
0.000000
0.000000
0.000000
0.000000
0.000000
0.000000
0.000000
0.000000
0.000000
0.000000
0.000000
0.000000
0.000000
0.000000
0.000000
0.000000
0.000000
0.000000
0.000000
0.000000
0.000000
0.281250
1.484375
1.046875
0.000000
0.000000
0.000000
0.000000
0.000000
0.000000
0.000000
0.046875
0.906250
0.968750
0.765625
0.000000
0.000000
0.000000
0.125000
0.765625
0.500000
0.296875
0.000000
0.000000
0.000000
0.000000
0.000000
0.000000
0.000000
0.218750
0.390625
0.718750
0.953125
0.875000
0.578125
0.250000
0.062500
0.000000
0.000000
0.000000
0.093750
0.468750
0.484375
0.031250
0.000000
0.000000
0.000000
0.000000
0.000000
0.671875
1.281250
2.750000
4.671875
4.890625
4.734375
8.062500
15.093750
16.125000
9.578125
1.046875
1.843750
2.125000
2.125000
1.609375
1.031250
0.937500
1.265625
1.843750
2.062500
1.937500
1.359375
1.406250
1.218750
0.828125
0.375000
0.546875
0.671875
0.562500
0.000000
0.000000
0.000000
0.000000
0.000000
0.437500
1.625000
1.937500
1.265625
0.000000
0.000000
0.000000
0.000000
0.000000
0.046875
