1.828125
3.500000
5.968750
5.609375
4.875000
3.531250
3.046875
2.515625
2.171875
1.843750
1.812500
2.062500
2.531250
2.687500
3.187500
3.421875
3.703125
3.562500
3.390625
3.046875
2.859375
2.781250
2.750000
2.828125
2.718750
2.906250
3.343750
3.437500
3.156250
3.000000
2.281250
1.265625
0.562500
0.484375
0.093750
0.000000
0.328125
0.093750
0.000000
0.453125
1.109375
1.531250
0.578125
0.000000
6.140625
8.000000
6.812500
5.546875
5.015625
4.937500
4.281250
3.515625
3.000000
2.640625
2.078125
1.984375
1.718750
1.906250
2.281250
2.468750
2.562500
2.531250
2.453125
2.390625
2.218750
1.625000
1.468750
0.531250
0.234375
0.078125
0.093750
0.734375
3.109375
4.937500
5.250000
4.125000
1.968750
0.453125
0.359375
0.000000
0.796875
1.359375
0.781250
0.546875
0.250000
0.296875
0.140625
0.203125
0.250000
0.250000
0.312500
0.437500
0.640625
0.796875
0.625000
0.656250
0.703125
0.562500
0.281250
0.359375
0.203125
0.140625
0.171875
0.265625
0.453125
0.562500
0.546875
0.390625
0.203125
0.234375
0.328125
0.156250
0.015625
0.234375
0.078125
0.296875
4.218750
5.640625
4.046875
6.062500
6.484375
5.781250
4.234375
3.015625
2.531250
1.625000
1.265625
0.828125
0.593750
0.703125
0.656250
0.828125
0.671875
0.593750
0.500000
0.390625
0.421875
0.187500
0.078125
0.218750
0.234375
0.015625
0.109375
0.296875
0.187500
0.156250
0.031250
0.000000
0.062500
0.296875
0.531250
0.921875
1.046875
0.640625
0.531250
0.375000
0.234375
0.078125
0.109375
0.000000
1.000000
0.000000
0.000000
0.000000
0.000000
0.000000
0.000000
0.000000
0.000000
0.000000
0.000000
0.000000
0.000000
0.000000
0.000000
0.000000
0.000000
0.000000
0.000000
0.000000
0.000000
0.000000
0.000000
0.000000
0.000000
0.000000
0.000000
0.000000
0.000000
0.000000
0.000000
0.000000
0.000000
0.000000
0.000000
2.031250
7.015625
11.781250
13.906250
21.156250
23.875000
17.468750
11.796875
3.562500
0.000000
0.000000
0.000000
0.000000
0.000000
0.000000
0.000000
0.000000
0.000000
0.000000
0.000000
0.000000
0.000000
0.000000
0.000000
0.000000
0.000000
0.000000
0.000000
0.000000
0.000000
0.000000
0.000000
0.000000
0.281250
1.484375
1.046875
0.000000
0.000000
0.000000
0.000000
0.000000
0.000000
0.000000
0.046875
0.906250
0.968750
0.765625
0.000000
0.000000
0.000000
0.125000
0.765625
0.500000
0.296875
0.000000
0.000000
0.000000
0.000000
0.000000
0.000000
0.000000
0.218750
0.390625
0.718750
0.953125
0.875000
0.578125
0.250000
0.062500
0.000000
0.000000
0.000000
0.093750
0.468750
0.484375
0.031250
0.000000
0.000000
0.000000
0.000000
0.000000
0.671875
1.281250
2.750000
4.671875
4.890625
4.734375
8.062500
15.093750
16.125000
9.578125
1.046875
1.843750
2.125000
2.125000
1.609375
1.031250
0.937500
1.265625
1.843750
2.062500
1.937500
1.359375
1.406250
1.218750
0.828125
0.375000
0.546875
0.671875
0.562500
0.000000
0.000000
0.000000
0.000000
0.000000
0.437500
1.625000
1.937500
1.265625
0.000000
0.000000
0.000000
0.000000
0.000000
0.046875
