1.015625
5.171875
2.187500
0.062500
1.187500
1.031250
2.406250
4.343750
2.625000
0.000000
0.000000
0.265625
2.890625
4.843750
4.125000
2.359375
11.343750
17.921875
21.953125
7.890625
0.640625
0.000000
9.921875
9.828125
3.328125
7.171875
5.781250
0.656250
0.000000
0.156250
2.781250
4.406250
5.484375
4.531250
0.000000
0.000000
6.812500
7.015625
0.968750
0.000000
2.406250
4.421875
2.671875
0.000000
0.000000
0.000000
0.000000
1.906250
1.718750
0.000000
0.000000
0.000000
0.046875
1.046875
1.343750
0.000000
6.484375
7.843750
9.625000
2.218750
0.000000
0.000000
7.171875
9.218750
2.671875
2.500000
0.000000
0.000000
0.000000
0.000000
0.000000
0.000000
0.000000
0.000000
0.000000
0.000000
3.000000
6.406250
0.484375
0.000000
0.000000
0.000000
0.000000
0.000000
0.000000
0.000000
0.000000
0.000000
0.000000
0.000000
0.000000
0.000000
0.000000
0.000000
0.000000
0.000000
0.000000
7.593750
19.312500
7.203125
8.281250
0.000000
0.000000
0.000000
0.000000
0.000000
0.000000
0.000000
0.000000
0.000000
0.000000
0.000000
0.000000
0.000000
1.828125
0.000000
0.000000
0.000000
0.000000
0.000000
3.375000
4.750000
5.609375
0.000000
0.000000
0.000000
0.000000
0.000000
1.953125
0.468750
0.000000
0.000000
0.000000
0.000000
0.000000
0.000000
0.000000
0.000000
0.000000
0.000000
0.000000
0.000000
0.000000
8.937500
5.421875
0.000000
0.000000
0.000000
0.000000
0.000000
0.000000
0.000000
0.000000
0.000000
0.000000
0.000000
0.000000
7.984375
0.296875
0.000000
0.296875
1.765625
3.593750
0.546875
0.125000
0.000000
0.000000
0.187500
1.437500
0.375000
0.000000
0.000000
0.000000
0.093750
1.937500
4.359375
16.484375
18.265625
27.218750
3.437500
13.734375
1.890625
0.000000
3.312500
5.593750
4.546875
3.984375
2.781250
1.984375
0.984375
0.000000
0.375000
2.359375
2.156250
0.546875
0.000000
0.000000
3.921875
3.046875
3.656250
0.000000
0.000000
0.000000
0.000000
0.000000
0.000000
0.000000
0.000000
0.000000
0.000000
0.000000
0.000000
0.000000
0.000000
0.000000
0.328125
2.265625
15.796875
10.078125
10.281250
9.984375
12.078125
10.515625
3.625000
0.265625
1.531250
1.406250
1.187500
2.296875
2.843750
1.859375
0.453125
0.328125
1.187500
0.921875
0.062500
1.109375
0.000000
0.968750
2.031250
0.796875
3.546875
5.718750
9.218750
11.265625
9.843750
7.593750
6.234375
6.953125
9.156250
11.500000
12.250000
11.125000
9.703125
9.671875
10.234375
4.796875
0.656250
0.000000
0.000000
0.000000
0.000000
0.000000
0.000000
3.468750
7.218750
8.390625
9.953125
11.093750
11.625000
11.578125
10.234375
8.578125
7.546875
7.281250
4.734375
2.265625
4.265625
7.593750
11.828125
0.000000
0.000000
0.000000
0.015625
3.718750
3.656250
1.828125
0.000000
0.000000
0.000000
3.546875
3.859375
2.968750
1.234375
0.000000
1.359375
0.000000
0.000000
0.000000
0.000000
0.000000
0.000000
0.000000
0.000000
0.000000
0.000000
0.000000
3.640625
7.250000
6.078125
4.531250
4.250000
2.218750
3.218750
2.828125
0.390625
0.000000
0.000000
0.000000
3.296875
