0.562500
0.468750
0.375000
0.687500
0.531250
0.515625
0.390625
0.406250
0.421875
0.546875
0.390625
0.265625
0.437500
0.515625
0.468750
0.421875
0.656250
0.593750
0.578125
0.593750
0.453125
0.359375
0.359375
0.375000
0.437500
0.515625
0.640625
0.593750
0.343750
0.453125
0.671875
0.468750
0.343750
0.484375
0.093750
0.000000
0.328125
0.093750
0.000000
0.453125
1.109375
1.531250
0.578125
0.000000
0.125000
0.765625
0.765625
0.671875
0.593750
0.609375
0.625000
0.843750
0.781250
0.562500
0.515625
0.609375
0.468750
0.187500
0.109375
0.484375
0.593750
0.359375
0.281250
0.421875
0.406250
0.406250
0.390625
0.218750
0.234375
0.078125
0.093750
0.281250
0.562500
0.484375
0.437500
0.609375
0.562500
0.453125
0.359375
0.000000
0.796875
1.359375
0.781250
0.546875
0.250000
0.296875
0.140625
0.203125
0.250000
0.250000
0.312500
0.437500
0.640625
0.796875
0.625000
0.656250
0.703125
0.562500
0.281250
0.359375
0.203125
0.140625
0.171875
0.265625
0.453125
0.562500
0.546875
0.390625
0.203125
0.234375
0.328125
0.156250
0.015625
0.234375
0.078125
0.296875
1.515625
2.343750
4.046875
6.062500
6.484375
5.781250
4.234375
3.015625
2.531250
1.625000
1.265625
0.828125
0.593750
0.703125
0.656250
0.828125
0.671875
0.593750
0.500000
0.390625
0.421875
0.187500
0.078125
0.218750
0.234375
0.015625
0.109375
0.296875
0.187500
0.156250
0.031250
0.000000
0.062500
0.296875
0.531250
0.921875
1.046875
0.640625
0.531250
0.375000
0.234375
0.078125
0.109375
0.000000
0.156250
0.000000
0.000000
0.000000
0.000000
0.000000
0.000000
0.000000
0.000000
0.000000
0.000000
0.000000
0.000000
0.000000
0.000000
0.000000
0.000000
0.000000
0.000000
0.000000
0.000000
0.000000
0.000000
0.000000
0.000000
0.000000
0.000000
0.000000
0.000000
0.000000
0.000000
0.000000
0.000000
0.000000
0.000000
0.000000
1.171875
2.906250
5.750000
7.875000
7.890625
6.453125
3.859375
0.531250
0.000000
0.000000
0.000000
0.000000
0.000000
0.000000
0.000000
0.000000
0.000000
0.000000
0.000000
0.000000
0.000000
0.000000
0.000000
0.000000
0.000000
0.000000
0.000000
0.000000
0.000000
0.000000
0.000000
0.000000
0.000000
0.000000
0.000000
0.000000
0.000000
0.000000
0.000000
0.000000
0.000000
0.000000
0.000000
0.000000
0.968750
0.000000
0.000000
0.000000
0.000000
0.000000
0.000000
0.000000
0.000000
0.000000
0.000000
0.000000
0.000000
0.000000
0.000000
0.000000
0.000000
0.000000
0.000000
0.000000
0.000000
0.000000
0.000000
0.000000
0.000000
0.000000
0.000000
0.000000
0.000000
0.000000
0.000000
0.000000
0.000000
0.000000
0.000000
0.000000
0.671875
1.281250
2.750000
4.671875
4.890625
4.062500
1.890625
0.671875
0.359375
0.000000
0.000000
0.000000
0.000000
0.000000
0.000000
0.000000
0.000000
0.000000
0.000000
0.000000
0.000000
0.000000
0.000000
0.000000
0.000000
0.000000
0.000000
0.000000
0.000000
0.000000
0.000000
0.000000
0.000000
0.000000
0.437500
0.375000
0.078125
0.000000
0.000000
0.000000
0.000000
0.000000
0.000000
0.000000
