0000
0000
0000
0000
0000
0000
0000
0000
0000
0000
0000
0000
0000
0000
0000
0000
0000
0000
0000
0058
0152
00c8
020f
0066
0000
0000
0000
0000
0000
0000
0000
0000
0000
0000
0000
0000
000b
0000
0000
0000
002d
0000
0000
0000
0000
0000
0000
0000
0000
0000
0000
0000
0000
0000
0000
0000
0000
0116
024b
0787
05c2
026e
0119
001e
0000
0000
0000
005b
00ac
005c
0000
0000
0000
0000
00dc
015f
0032
0000
0000
0000
00b3
0054
01a8
02ff
02d6
0267
01b1
0170
01c6
0294
0320
032f
02de
028b
0296
02fa
0429
0499
0052
0000
0000
0000
0000
0000
0287
02c4
024d
02a6
033c
039f
034d
02ca
02ab
0229
016c
0146
00b3
0029
02d3
034a
0000
0000
0000
00bd
006d
0071
0024
0018
0028
0089
005b
003a
0060
0073
00b8
00dc
0125
0296
02f9
0598
01cb
0000
0000
0000
006c
00df
0178
0153
003d
0000
0043
008a
0092
00b5
00c7
0004
0000
0000
0078
0007
0000
00ac
010c
00bc
0099
0095
0050
004c
00b4
008d
007b
0077
0062
0082
00c2
011d
01b7
0512
0588
074e
0457
011d
0124
00ff
00b7
00f5
0137
00e1
006e
0070
0062
008f
009b
00f8
00f9
006b
0000
0111
01ab
0083
005b
0017
0057
0000
0000
0027
0045
0000
0000
0000
0000
0046
0044
0000
0000
0000
0000
0000
0000
0000
0000
0000
0000
0000
0000
0000
0000
0000
0000
0000
0000
0000
0000
0000
0000
0060
0000
0000
0000
015a
0000
0000
0003
003c
006b
0018
0000
0000
0000
0050
0000
0004
0000
0001
005e
004d
0017
0000
0330
0000
0000
0000
0000
0000
0000
0005
010e
00b2
0000
0000
0000
0056
008a
00cb
00fe
0000
0000
0000
0000
0176
0000
0000
0000
0000
0000
0000
0000
0000
0000
0000
0000
0000
0000
0000
0000
0000
0000
014b
035a
02d7
0000
0000
0090
005b
0000
0000
0000
0000
0000
0000
0000
0000
0000
0000
0000
0000
0000
003a
0000
0000
