009a
011b
00ab
0000
0000
0000
0000
007a
006e
0000
0000
0000
0003
0043
0056
0000
019f
01f6
0268
008e
0000
0000
01cb
024e
00ab
00a0
0000
0000
0000
0000
0000
0000
0000
0000
0000
0000
00c0
019a
001f
0000
00d8
0130
0167
0000
0000
0000
0000
0000
007d
001e
0000
0000
0000
0000
0000
0000
0000
0000
0000
0000
0000
0000
0000
023c
015b
0000
0000
0000
0000
0000
0000
0000
0000
0000
0000
0000
0000
01ff
0013
0000
0000
0000
0000
0000
0000
0000
0000
0000
0000
0000
0000
0000
0000
0000
0000
0015
0091
03f3
0285
0292
027f
0305
02a1
00e8
0011
0062
005a
004c
0093
00b6
0077
001d
0015
004c
003b
0004
0047
0000
003e
0082
0000
0000
0000
0001
00ee
00ea
0075
0000
0000
0000
00e3
00f7
00be
004f
0000
0057
0000
0000
0000
0000
0000
0000
0000
0000
0000
0000
0000
00e9
01d0
0185
0122
0110
008e
00ce
00b5
0019
0000
0000
0000
00d3
