0006
0085
00b8
004d
0000
0000
0000
0000
0000
0000
0000
0000
0000
0000
0000
0000
0149
0000
0384
0411
0208
0138
0000
0000
0000
0000
0000
0000
0000
0000
0000
0000
0000
0019
0000
0000
0000
010a
0063
00b0
0002
002a
0000
0000
0000
0000
0000
0000
0000
0000
0000
0000
0000
0000
0000
0000
0000
0000
0000
0000
018d
0000
0000
0057
0000
0000
0000
0000
0000
0000
0000
0000
0000
0000
0000
0000
0000
0000
0000
0000
01e4
0259
01e1
00d7
0000
0000
0000
0000
00af
00ac
0034
0000
0000
0000
0000
0000
0000
0000
0000
0000
010d
01ca
0942
0686
020e
0085
0000
0000
0000
0000
0000
0000
0000
0000
0000
0000
00a1
01ca
00e8
000f
0000
0039
0106
0169
0000
0000
0000
0000
0019
0085
0004
0000
0000
0000
0000
0000
0000
0000
0000
0272
0217
06da
0b06
0816
04b4
0143
002c
0022
0000
006b
00c1
0035
0000
0000
0000
0000
0000
019a
01c6
00f8
