0.656250
0.000000
0.000000
0.000000
0.000000
0.000000
0.000000
0.000000
0.000000
0.000000
0.000000
0.000000
0.000000
0.000000
0.000000
0.000000
0.000000
0.000000
0.000000
0.000000
0.000000
0.000000
0.000000
0.000000
0.000000
0.000000
0.000000
0.000000
0.000000
0.000000
0.000000
0.000000
0.000000
0.000000
0.000000
0.000000
0.000000
0.000000
0.000000
0.000000
3.843750
6.703125
5.234375
0.796875
0.000000
0.000000
0.000000
0.000000
0.000000
0.000000
0.000000
0.000000
0.000000
0.000000
0.000000
0.000000
0.000000
0.000000
0.000000
0.000000
0.000000
0.000000
0.000000
0.000000
0.000000
0.000000
0.000000
0.000000
0.000000
0.359375
0.781250
0.671875
0.000000
0.000000
0.000000
0.000000
0.000000
0.000000
0.000000
0.000000
0.265625
0.000000
0.687500
0.000000
0.000000
0.000000
0.000000
0.000000
0.000000
0.000000
0.000000
0.000000
0.000000
0.000000
0.000000
0.000000
0.000000
0.000000
0.000000
0.000000
0.000000
0.000000
0.000000
0.000000
0.000000
0.000000
0.000000
0.000000
0.000000
0.000000
0.000000
0.000000
0.000000
0.000000
0.984375
1.468750
1.718750
3.062500
5.968750
6.937500
2.515625
0.000000
0.000000
0.000000
0.000000
0.000000
0.000000
0.000000
0.000000
0.000000
0.000000
0.000000
0.000000
0.000000
0.000000
0.000000
0.000000
0.000000
0.000000
0.000000
0.000000
0.000000
0.000000
0.000000
0.000000
0.000000
0.000000
0.000000
0.000000
0.000000
0.000000
0.000000
0.000000
0.062500
0.000000
0.000000
0.000000
0.000000
0.000000
0.000000
0.000000
0.000000
0.000000
1.171875
1.468750
1.828125
2.203125
2.171875
1.984375
1.640625
1.390625
1.093750
0.812500
0.515625
0.281250
0.515625
0.906250
1.093750
1.593750
2.109375
2.187500
2.171875
1.968750
1.578125
1.140625
1.171875
1.281250
1.500000
1.812500
1.937500
2.062500
2.109375
2.312500
2.750000
1.937500
2.234375
3.812500
1.890625
0.000000
0.000000
0.000000
0.000000
0.000000
0.000000
0.000000
0.000000
0.000000
0.031250
1.593750
1.640625
1.500000
1.687500
1.875000
2.343750
2.890625
3.140625
3.140625
2.984375
2.750000
2.312500
1.859375
1.656250
2.078125
2.265625
1.921875
2.265625
2.546875
2.218750
1.640625
0.828125
0.000000
0.000000
0.000000
0.000000
0.593750
1.250000
1.890625
1.984375
2.531250
2.421875
2.015625
1.406250
1.062500
0.000000
0.000000
0.000000
0.000000
0.000000
0.000000
0.000000
0.000000
0.000000
0.000000
0.000000
0.000000
0.000000
0.000000
0.000000
0.000000
0.000000
0.000000
0.000000
0.000000
0.000000
0.000000
0.000000
0.000000
0.000000
0.000000
0.000000
0.000000
0.000000
0.000000
0.000000
0.000000
0.000000
0.000000
0.000000
0.000000
0.000000
0.000000
0.000000
2.703125
3.625000
0.343750
0.000000
0.000000
0.000000
0.000000
0.000000
0.000000
0.000000
0.000000
0.000000
0.000000
0.000000
0.000000
0.000000
0.000000
0.000000
0.000000
0.000000
0.000000
0.000000
0.000000
0.000000
0.000000
0.000000
0.000000
0.000000
0.140625
0.921875
1.468750
0.921875
0.000000
0.000000
0.000000
0.000000
0.000000
0.000000
