01dc
00db
0099
01c9
02aa
0350
0267
012b
00bf
01bd
022e
02e1
030d
0300
0208
0205
051b
063a
0aea
0539
0000
05e4
02f9
02c1
0428
05c8
02c6
0160
01ed
018e
0050
00ae
019d
023b
02d0
036c
01fd
0126
01e0
023f
0151
0000
0000
0000
0000
0119
0302
0265
00b1
008a
00f8
0198
026d
0332
038c
0213
0000
0000
0414
037c
05fa
0814
03fb
000a
0000
0000
0000
004c
024e
0303
02e5
026c
01c1
02da
041a
051d
0375
0000
0000
0000
0000
0000
0000
0000
0000
0000
0000
0000
0000
0000
0000
0000
0000
0000
0000
0000
0000
0000
0000
0000
02dd
0000
0000
0000
0000
0000
0000
0000
0000
0000
0000
0000
0000
0000
0000
0000
0000
0000
0000
0000
0178
0285
02eb
0313
01d3
0168
00c3
0092
0168
01e0
01c9
0186
00dc
003e
0000
0000
0000
0000
0000
0000
0898
0c23
0d9e
0d23
0cf4
05ea
0412
03ae
02ed
0286
026d
01a0
00f7
015a
018e
0138
0199
019a
02af
0241
0000
0000
013c
0063
0000
0000
0000
0000
0000
0042
0034
0000
0000
0000
0000
0000
0000
0000
0000
0000
0000
038e
0000
0361
0333
0000
0019
0123
00f6
012a
019d
01fd
008d
0000
0000
0000
0000
0000
013a
0000
006e
00ea
0000
0000
0001
0061
0000
0000
0000
0000
0000
0048
0030
0000
0000
02b5
08cc
09fe
085f
0393
0000
0000
0000
0000
0000
0000
0000
0057
0000
0000
005a
0060
005c
00d8
0132
004f
0000
0000
0000
0000
0435
0193
018c
006d
00aa
01ea
0064
0000
0000
0000
0000
0000
0010
0000
0000
0000
0000
0000
0000
0000
0000
0000
0000
0565
0793
042b
0000
0000
0000
0000
0000
0000
0000
0000
0000
01b3
0000
0000
0090
0000
041b
0386
02c3
0000
0000
0000
0000
0000
0000
0000
0000
0000
0000
0000
0000
0000
0000
0000
0000
0000
0000
0c32
0e85
1052
1071
083d
0000
0000
0000
0000
0000
0000
0000
0000
0000
0164
02b4
0397
02f1
0000
