0.000000
0.031250
1.531250
4.968750
3.343750
0.000000
0.000000
0.000000
0.000000
0.000000
1.734375
0.000000
0.000000
0.000000
0.000000
0.000000
0.000000
0.000000
0.000000
0.000000
0.000000
0.000000
3.921875
0.000000
0.000000
0.000000
0.000000
0.000000
0.000000
0.000000
0.000000
0.000000
0.000000
0.000000
0.000000
0.000000
0.000000
0.000000
0.000000
4.468750
4.968750
5.484375
5.859375
1.765625
0.000000
0.000000
0.031250
1.593750
4.671875
2.593750
0.000000
0.000000
0.000000
0.000000
0.000000
0.000000
0.000000
0.000000
0.000000
0.000000
15.875000
17.703125
16.250000
0.000000
3.390625
0.000000
0.000000
0.000000
0.000000
0.000000
0.000000
0.000000
0.000000
0.000000
0.000000
0.656250
6.937500
7.546875
13.546875
6.203125
0.000000
0.000000
0.000000
9.515625
14.984375
8.921875
3.546875
0.000000
0.000000
6.296875
13.609375
12.593750
7.875000
3.296875
7.171875
6.671875
4.531250
0.000000
0.000000
0.000000
0.000000
0.000000
0.000000
0.000000
0.000000
0.000000
1.328125
4.250000
7.109375
6.687500
0.281250
0.000000
0.000000
2.359375
3.359375
0.000000
0.000000
0.000000
0.000000
12.906250
8.328125
7.093750
4.828125
1.953125
0.000000
3.234375
10.203125
11.031250
5.296875
2.296875
0.000000
3.656250
8.625000
11.937500
14.203125
20.296875
28.890625
8.390625
0.000000
0.000000
0.000000
0.000000
0.000000
0.000000
9.015625
0.734375
0.000000
0.000000
0.000000
0.000000
0.000000
0.000000
0.000000
0.000000
0.000000
8.343750
14.359375
6.921875
3.578125
0.000000
