0.515625
0.734375
1.343750
1.187500
1.203125
1.218750
1.234375
1.234375
1.296875
1.203125
1.265625
1.125000
1.125000
1.062500
1.046875
0.953125
0.984375
0.906250
0.906250
0.890625
0.890625
0.906250
0.937500
0.953125
0.921875
1.015625
1.031250
1.109375
1.140625
1.234375
1.218750
1.203125
1.250000
1.265625
1.296875
1.312500
1.296875
1.281250
1.187500
1.156250
1.203125
1.125000
1.093750
1.031250
0.953125
0.937500
0.875000
0.937500
0.906250
1.031250
0.984375
1.015625
1.015625
1.078125
1.078125
1.093750
1.062500
1.031250
0.968750
0.984375
0.968750
1.031250
0.968750
0.968750
0.875000
0.859375
0.734375
0.687500
0.625000
0.546875
0.406250
0.187500
0.000000
0.015625
0.093750
0.109375
0.000000
0.000000
0.000000
0.000000
0.000000
0.015625
0.343750
0.765625
1.343750
1.890625
2.296875
2.281250
2.218750
2.218750
2.343750
2.484375
2.578125
2.609375
2.671875
2.609375
2.546875
2.453125
2.375000
2.328125
2.312500
2.296875
2.234375
2.250000
2.343750
2.375000
2.390625
2.265625
2.218750
2.046875
2.000000
1.859375
1.843750
1.703125
1.609375
1.421875
1.218750
1.078125
0.921875
0.843750
0.859375
0.859375
0.906250
0.796875
0.796875
0.718750
0.687500
0.687500
0.703125
0.671875
0.625000
0.562500
0.531250
0.500000
0.468750
0.359375
0.312500
0.250000
0.281250
0.359375
0.359375
0.390625
0.453125
0.531250
0.656250
0.781250
0.890625
0.921875
0.921875
0.875000
0.890625
0.890625
0.937500
0.890625
0.875000
0.828125
0.687500
0.640625
0.500000
0.343750
