-0.031250
-0.265625
-0.234375
-0.265625
-0.281250
-0.281250
-0.296875
-0.281250
-0.296875
-0.343750
-0.296875
-0.281250
-0.296875
-0.281250
-0.265625
-0.265625
-0.234375
-0.234375
-0.234375
-0.203125
-0.187500
-0.187500
-0.203125
-0.187500
-0.218750
-0.218750
-0.234375
-0.250000
-0.265625
-0.265625
-0.265625
-0.281250
-0.281250
-0.296875
-0.296875
-0.281250
-0.343750
-0.312500
-0.281250
-0.281250
-0.296875
-0.281250
-0.296875
-0.265625
-0.234375
-0.234375
-0.203125
-0.203125
-0.218750
-0.203125
-0.203125
-0.234375
-0.250000
-0.234375
-0.265625
-0.265625
-0.250000
-0.250000
-0.234375
-0.234375
-0.250000
-0.234375
-0.250000
-0.250000
-0.234375
-0.203125
-0.187500
-0.187500
-0.140625
-0.156250
-0.125000
-0.109375
-0.234375
-0.265625
-0.359375
-0.718750
-0.984375
-0.765625
-0.578125
-0.359375
0.046875
0.406250
0.671875
0.625000
0.484375
0.109375
-0.234375
-0.437500
-0.500000
-0.515625
-0.562500
-0.625000
-0.625000
-0.687500
-0.718750
-0.718750
-0.703125
-0.671875
-0.640625
-0.640625
-0.640625
-0.609375
-0.625000
-0.593750
-0.593750
-0.640625
-0.625000
-0.609375
-0.593750
-0.578125
-0.531250
-0.531250
-0.484375
-0.484375
-0.453125
-0.406250
-0.390625
-0.312500
-0.281250
-0.203125
-0.187500
-0.187500
-0.203125
-0.218750
-0.203125
-0.156250
-0.187500
-0.156250
-0.140625
-0.171875
-0.125000
-0.093750
-0.109375
-0.125000
-0.093750
-0.078125
-0.046875
0.000000
-0.015625
-0.031250
-0.015625
-0.031250
-0.046875
-0.093750
-0.109375
-0.125000
-0.156250
-0.171875
-0.187500
-0.171875
-0.156250
-0.187500
-0.187500
-0.203125
-0.218750
-0.203125
-0.203125
-0.140625
-0.140625
-0.156250
