0.109375
0.125000
0.109375
0.109375
0.109375
0.125000
0.125000
0.109375
0.109375
0.109375
0.125000
0.109375
0.125000
0.125000
0.140625
0.140625
0.125000
0.109375
0.093750
0.109375
0.109375
0.109375
0.093750
0.109375
0.125000
0.109375
0.125000
0.125000
0.125000
0.125000
0.125000
0.125000
0.140625
0.140625
0.125000
0.125000
0.125000
0.125000
0.125000
0.109375
0.093750
0.093750
0.109375
0.125000
0.093750
0.093750
0.093750
0.109375
0.125000
0.109375
0.109375
0.109375
0.109375
0.109375
0.109375
0.109375
0.125000
0.125000
0.125000
0.125000
0.140625
0.140625
0.109375
0.093750
0.109375
0.093750
0.109375
0.109375
0.093750
0.031250
0.000000
0.000000
0.000000
0.000000
0.000000
0.000000
0.000000
0.000000
0.000000
0.000000
0.000000
0.000000
0.000000
0.000000
0.000000
0.109375
0.125000
0.171875
0.171875
0.187500
0.187500
0.171875
0.171875
0.187500
0.171875
0.156250
0.156250
0.171875
0.156250
0.156250
0.156250
0.171875
0.171875
0.171875
0.171875
0.156250
0.156250
0.140625
0.140625
0.140625
0.125000
0.140625
0.156250
0.140625
0.093750
0.125000
0.093750
0.109375
0.109375
0.125000
0.125000
0.093750
0.093750
0.125000
0.125000
0.125000
0.125000
0.125000
0.125000
0.109375
0.109375
0.109375
0.109375
0.093750
0.093750
0.078125
0.093750
0.093750
0.093750
0.125000
0.109375
0.125000
0.109375
0.109375
0.125000
0.109375
0.109375
0.109375
0.109375
0.109375
0.109375
0.109375
0.125000
0.140625
0.109375
0.109375
0.109375
0.093750
0.000000
0.000000
