0000
0000
0000
0000
0000
0000
0000
0000
0000
0000
0000
0000
0000
0000
0000
0000
0000
0000
0000
0000
0000
0000
0000
0000
0000
0000
0000
0000
0000
0000
0000
0000
0000
0000
0015
002d
000f
0038
0075
0065
0031
0000
0000
0000
0000
0000
0000
0000
0000
0000
0000
0000
0000
0000
0000
0000
0000
0000
0000
0000
0000
0000
0000
0000
0000
0000
0000
0000
0000
000a
0003
0000
0000
0000
0000
0000
0000
0000
0000
0022
0000
000d
0000
0000
0000
0000
0000
0000
0000
0000
0000
0000
0000
0000
0000
0000
0000
0000
0000
0000
0000
0000
0000
0000
0000
0000
0000
0000
0000
0000
0000
0000
0000
0000
0004
0000
0019
0063
0054
0057
0057
0050
00a3
0030
0008
0000
0000
0000
0000
0000
0000
0000
0000
0000
0000
0000
0000
0000
0000
0000
0000
0000
0000
0000
0000
0000
0000
0000
0000
0000
0000
0000
0000
0000
0000
0000
0000
0000
0000
0000
0026
001f
0046
0065
0074
006d
006f
0067
0061
0058
0058
0040
0043
0041
0046
004e
0059
005e
006c
0073
006f
0064
0062
005d
0055
0057
005e
005e
0060
0061
006d
0066
0061
005e
0032
000b
0000
0000
0000
0000
0000
0000
0000
0000
0000
005c
0075
0098
00a0
0095
0098
0097
00a6
0094
008e
008d
007e
0069
005d
0069
0070
0059
005e
0059
0054
0051
004d
0042
003b
0023
0009
000c
001a
003a
0044
0063
0064
0068
004f
0028
006d
00e0
010a
010e
010e
00fb
00e8
00d0
00ca
00c3
00b1
009c
00a6
00c1
00d2
00de
00fb
010d
010f
010f
00f7
00d9
00c1
00bd
00be
00ca
00e2
00e7
00d8
00d8
00e7
00d8
00c3
009e
0061
0024
0007
0033
0028
0009
0031
0077
00e0
013b
0166
01b7
01ef
01f1
01d0
01ae
01a6
01bd
01cd
01b1
018e
016d
0148
0109
00d9
00ce
00cd
00b9
00a3
00a6
00a3
009b
007d
0061
003c
0020
000f
0043
0083
00b6
00c4
00d5
00d4
00c6
0091
0040
