2.406250
4.421875
2.671875
0.000000
0.000000
0.000000
0.000000
1.906250
1.718750
0.000000
0.000000
0.000000
0.046875
1.046875
1.343750
0.000000
6.484375
7.843750
9.625000
2.218750
0.000000
0.000000
7.171875
9.218750
2.671875
2.500000
0.000000
0.000000
0.000000
0.000000
0.000000
0.000000
0.000000
0.000000
0.000000
0.000000
3.000000
6.406250
0.484375
0.000000
3.375000
4.750000
5.609375
0.000000
0.000000
0.000000
0.000000
0.000000
1.953125
0.468750
0.000000
0.000000
0.000000
0.000000
0.000000
0.000000
0.000000
0.000000
0.000000
0.000000
0.000000
0.000000
0.000000
8.937500
5.421875
0.000000
0.000000
0.000000
0.000000
0.000000
0.000000
0.000000
0.000000
0.000000
0.000000
0.000000
0.000000
7.984375
0.296875
0.000000
0.000000
0.000000
0.000000
0.000000
0.000000
0.000000
0.000000
0.000000
0.000000
0.000000
0.000000
0.000000
0.000000
0.000000
0.000000
0.328125
2.265625
15.796875
10.078125
10.281250
9.984375
12.078125
10.515625
3.625000
0.265625
1.531250
1.406250
1.187500
2.296875
2.843750
1.859375
0.453125
0.328125
1.187500
0.921875
0.062500
1.109375
0.000000
0.968750
2.031250
0.000000
0.000000
0.000000
0.015625
3.718750
3.656250
1.828125
0.000000
0.000000
0.000000
3.546875
3.859375
2.968750
1.234375
0.000000
1.359375
0.000000
0.000000
0.000000
0.000000
0.000000
0.000000
0.000000
0.000000
0.000000
0.000000
0.000000
3.640625
7.250000
6.078125
4.531250
4.250000
2.218750
3.218750
2.828125
0.390625
0.000000
0.000000
0.000000
3.296875
