0.515625
0.312500
0.000000
0.000000
0.000000
0.953125
1.328125
1.156250
0.968750
1.171875
1.218750
1.109375
0.953125
1.000000
0.984375
1.187500
1.140625
1.187500
1.156250
1.359375
1.375000
1.187500
1.046875
1.125000
1.187500
1.156250
1.187500
1.218750
1.140625
1.140625
1.218750
1.375000
1.421875
1.453125
3.062500
1.906250
0.718750
3.906250
5.500000
3.046875
0.000000
1.046875
4.343750
2.921875
2.656250
0.000000
0.000000
0.562500
1.625000
1.828125
2.000000
2.296875
2.203125
2.218750
1.968750
1.656250
1.640625
1.203125
0.921875
0.703125
0.765625
0.921875
0.984375
1.015625
0.859375
1.015625
0.906250
0.734375
0.468750
0.531250
0.421875
0.859375
0.515625
0.000000
0.000000
0.000000
1.171875
0.984375
1.109375
1.453125
0.000000
0.000000
0.000000
0.031250
1.750000
2.421875
2.796875
3.000000
2.968750
2.640625
2.468750
2.234375
1.984375
1.609375
1.437500
1.421875
1.546875
1.843750
2.250000
2.500000
2.640625
2.796875
3.062500
2.875000
2.343750
2.046875
1.937500
2.234375
2.484375
2.593750
2.484375
2.406250
1.812500
1.125000
0.000000
0.000000
0.000000
0.000000
0.000000
0.000000
0.000000
0.000000
0.000000
0.000000
0.000000
0.000000
0.000000
1.125000
2.468750
3.265625
3.375000
2.859375
2.593750
2.890625
3.187500
3.218750
2.906250
3.015625
3.093750
2.968750
2.421875
2.312500
2.687500
2.671875
2.562500
2.187500
2.234375
2.140625
2.359375
2.281250
1.718750
0.718750
0.000000
0.000000
0.171875
1.734375
1.953125
1.890625
2.406250
2.406250
