002d
0000
0000
0000
0000
0000
0000
0000
0000
0000
0000
0000
0000
0000
0000
0000
0000
0116
024b
0787
05c2
026e
0119
001e
0000
0000
0000
005b
00ac
005c
0000
0000
0000
0000
00dc
015f
0032
0000
0000
0000
0000
0000
0000
00bd
006d
0071
0024
0018
0028
0089
005b
003a
0060
0073
00b8
00dc
0125
0296
02f9
0598
01cb
0000
0000
0000
006c
00df
0178
0153
003d
0000
0043
008a
0092
00b5
00c7
0004
0000
0000
0078
0007
005b
0017
0057
0000
0000
0027
0045
0000
0000
0000
0000
0046
0044
0000
0000
0000
0000
0000
0000
0000
0000
0000
0000
0000
0000
0000
0000
0000
0000
0000
0000
0000
0000
0000
0000
0060
0000
0000
0000
015a
0000
0000
0000
0000
0000
0000
0000
0000
0000
0000
0000
0000
0000
0000
0000
0000
0000
014b
035a
02d7
0000
0000
0090
005b
0000
0000
0000
0000
0000
0000
0000
0000
0000
0000
0000
0000
0000
003a
0000
0000
