12.078125
13.140625
15.796875
13.234375
5.453125
4.578125
4.109375
7.109375
9.734375
8.203125
6.890625
5.671875
5.421875
6.531250
7.531250
8.765625
6.390625
5.390625
17.734375
15.671875
6.984375
31.109375
34.375000
36.968750
33.562500
19.671875
10.218750
9.453125
11.125000
8.125000
5.046875
2.843750
3.125000
2.609375
4.453125
9.640625
15.171875
19.562500
18.671875
9.687500
6.343750
4.687500
1.812500
0.000000
0.000000
1.250000
4.062500
4.906250
3.171875
0.000000
0.000000
2.046875
3.140625
3.140625
6.765625
12.265625
16.828125
12.265625
10.640625
4.500000
8.781250
9.765625
2.546875
0.000000
4.046875
0.000000
0.000000
0.000000
0.000000
0.000000
1.328125
4.421875
3.437500
4.343750
4.984375
5.328125
11.187500
6.156250
0.000000
0.000000
0.312500
1.515625
2.593750
2.109375
1.906250
1.359375
1.562500
1.843750
2.406250
2.156250
1.812500
1.968750
2.265625
2.328125
2.234375
2.156250
1.203125
1.078125
0.000000
1.328125
6.187500
10.125000
20.421875
11.750000
2.937500
3.562500
2.828125
1.250000
0.406250
1.375000
2.140625
1.906250
1.593750
1.359375
0.796875
0.000000
2.500000
2.187500
2.000000
0.453125
2.687500
3.343750
5.953125
0.140625
0.000000
0.000000
0.000000
0.000000
1.765625
0.000000
0.000000
0.000000
0.000000
0.000000
0.000000
0.000000
0.000000
1.687500
13.171875
17.953125
10.125000
14.000000
20.515625
22.125000
18.703125
11.578125
2.187500
0.000000
0.000000
0.000000
0.000000
0.000000
0.000000
0.000000
0.000000
1.671875
0.812500
6.218750
7.406250
3.828125
1.046875
2.109375
3.234375
2.562500
9.625000
12.687500
12.343750
9.875000
11.250000
9.531250
11.015625
14.250000
14.703125
12.687500
12.078125
4.296875
2.953125
1.734375
0.000000
1.984375
0.000000
1.296875
4.062500
8.171875
11.687500
7.156250
3.562500
5.218750
7.296875
11.421875
13.265625
12.828125
10.921875
6.593750
8.812500
11.046875
5.140625
4.593750
3.968750
2.921875
5.406250
2.000000
0.156250
0.000000
0.000000
0.703125
1.421875
1.468750
0.812500
0.796875
0.203125
0.093750
0.359375
0.156250
0.046875
0.000000
0.000000
0.000000
12.734375
27.187500
36.343750
30.953125
16.078125
4.078125
2.859375
1.500000
1.078125
2.046875
1.546875
0.484375
0.000000
0.000000
0.000000
0.000000
0.156250
4.500000
4.562500
0.000000
0.000000
0.000000
2.015625
1.890625
1.968750
2.921875
1.765625
1.281250
0.203125
0.296875
1.640625
2.562500
2.984375
1.906250
1.015625
1.765625
2.109375
2.906250
4.046875
5.078125
0.000000
0.000000
0.000000
0.218750
4.859375
1.937500
2.750000
2.250000
4.046875
5.312500
5.546875
4.078125
2.593750
2.828125
2.921875
3.531250
1.093750
0.343750
2.125000
1.078125
3.250000
2.968750
7.265625
9.546875
11.296875
10.406250
7.750000
7.515625
8.171875
7.437500
8.125000
8.328125
7.578125
7.968750
8.578125
8.250000
7.671875
10.250000
15.187500
20.937500
29.656250
33.171875
33.265625
39.093750
37.734375
36.171875
29.421875
14.390625
4.265625
4.312500
5.593750
6.875000
6.921875
7.765625
6.265625
4.296875
6.578125
7.625000
15.187500
13.171875
15.875000
8.453125
