1.203125
0.000000
0.203125
0.843750
0.625000
0.640625
0.000000
0.000000
0.000000
0.000000
1.109375
0.656250
0.000000
0.000000
0.000000
0.671875
2.687500
4.812500
10.593750
10.437500
0.000000
6.453125
0.953125
0.000000
0.000000
0.000000
0.000000
1.890625
3.187500
1.953125
0.765625
0.781250
1.453125
2.609375
2.421875
1.281250
0.062500
0.000000
0.593750
1.187500
0.000000
0.000000
0.000000
0.000000
0.000000
0.000000
0.000000
0.000000
0.000000
0.000000
0.000000
0.000000
0.000000
0.000000
0.000000
0.000000
0.328125
4.218750
3.531250
0.000000
1.609375
8.578125
0.000000
0.000000
0.000000
0.000000
0.000000
0.000000
0.000000
0.000000
0.000000
0.000000
0.000000
0.000000
0.000000
0.000000
0.000000
0.000000
0.000000
0.000000
0.312500
1.515625
2.593750
2.109375
1.906250
1.359375
1.562500
1.843750
2.406250
2.156250
1.812500
1.968750
2.265625
2.328125
2.234375
2.156250
1.203125
1.078125
0.000000
0.000000
0.000000
0.000000
0.000000
2.671875
2.937500
3.562500
2.828125
1.250000
0.406250
1.375000
2.140625
1.906250
1.593750
1.359375
0.796875
0.000000
0.000000
2.187500
2.000000
0.453125
0.000000
0.000000
0.000000
0.000000
0.000000
0.000000
0.000000
0.000000
0.000000
0.000000
0.000000
0.000000
0.000000
0.000000
0.000000
0.000000
0.000000
1.687500
7.593750
0.000000
0.000000
0.000000
0.000000
0.000000
0.000000
0.000000
0.000000
0.000000
0.000000
0.000000
0.000000
0.000000
0.000000
0.000000
0.000000
0.000000
0.000000
0.000000
0.000000
0.000000
0.000000
0.000000
0.000000
0.000000
0.000000
0.000000
0.000000
0.000000
0.000000
0.000000
0.000000
0.000000
0.000000
0.000000
0.000000
0.000000
0.000000
0.000000
0.000000
1.984375
0.000000
1.296875
0.000000
0.000000
0.000000
0.000000
0.000000
0.000000
0.000000
0.000000
0.000000
0.000000
0.000000
0.000000
0.000000
0.000000
0.000000
0.000000
0.000000
0.000000
5.406250
2.000000
0.156250
0.000000
0.000000
0.703125
1.421875
1.468750
0.812500
0.796875
0.203125
0.093750
0.359375
0.156250
0.046875
0.000000
0.000000
0.000000
12.734375
27.187500
36.343750
30.953125
16.078125
4.078125
2.859375
1.500000
1.078125
2.046875
1.546875
0.484375
0.000000
0.000000
0.000000
0.000000
0.156250
4.500000
4.562500
0.000000
0.000000
0.000000
2.015625
1.890625
1.968750
2.921875
1.765625
1.281250
0.203125
0.296875
1.640625
2.562500
2.984375
1.906250
1.015625
1.765625
2.109375
2.906250
4.046875
5.078125
0.000000
0.000000
0.000000
0.218750
4.859375
1.937500
2.750000
2.250000
4.046875
5.312500
5.546875
4.078125
2.593750
2.828125
2.921875
3.531250
1.093750
0.343750
2.125000
1.078125
3.250000
2.968750
0.750000
0.000000
0.000000
0.000000
0.000000
0.000000
0.000000
0.000000
0.000000
0.000000
0.000000
0.000000
0.000000
0.000000
0.000000
0.000000
0.000000
1.187500
0.406250
0.000000
0.000000
4.828125
1.531250
0.000000
0.000000
0.000000
0.000000
0.000000
0.000000
0.000000
0.000000
0.000000
0.000000
0.000000
0.000000
0.000000
0.000000
0.000000
0.000000
0.015625
