0.093750
0.406250
1.843750
1.906250
1.593750
1.765625
1.718750
1.703125
1.531250
1.328125
1.031250
1.000000
0.765625
0.609375
0.484375
0.828125
0.968750
1.328125
1.671875
1.671875
1.765625
1.765625
1.640625
1.312500
1.031250
0.750000
1.031250
1.234375
1.328125
1.390625
1.406250
1.625000
2.500000
3.328125
4.812500
8.187500
9.984375
12.171875
10.406250
2.812500
0.765625
0.000000
0.000000
0.000000
2.890625
2.109375
1.937500
2.437500
2.406250
2.046875
1.875000
1.937500
2.421875
2.796875
3.046875
2.984375
2.906250
2.906250
2.843750
2.203125
1.500000
1.265625
1.437500
1.406250
1.359375
1.578125
2.093750
2.781250
2.062500
1.671875
0.890625
0.000000
0.000000
0.718750
1.046875
1.234375
1.484375
2.421875
2.734375
3.734375
1.531250
1.828125
2.578125
3.093750
3.281250
3.531250
3.593750
3.406250
3.359375
3.109375
2.843750
2.484375
2.281250
2.156250
2.078125
2.531250
2.718750
3.062500
3.390625
3.546875
3.453125
3.500000
3.437500
3.187500
2.875000
2.781250
2.937500
3.140625
3.250000
3.343750
3.359375
3.468750
3.187500
1.500000
0.062500
0.000000
0.390625
1.546875
1.312500
1.359375
1.359375
1.250000
2.546875
0.750000
1.953125
2.265625
2.468750
3.718750
3.890625
3.890625
3.890625
3.937500
4.171875
4.500000
4.703125
4.656250
4.375000
4.203125
3.968750
3.718750
3.468750
3.296875
3.375000
3.281250
3.250000
3.265625
2.718750
2.015625
1.484375
0.625000
0.515625
1.250000
1.718750
2.687500
3.078125
3.203125
3.000000
2.703125
2.203125
1.671875
2.343750
2.046875
2.343750
3.015625
3.015625
3.140625
3.203125
3.000000
2.906250
2.703125
2.515625
1.968750
1.687500
1.546875
1.531250
1.906250
2.187500
2.578125
3.093750
3.281250
3.156250
2.984375
2.968750
2.796875
2.375000
2.265625
2.531250
2.718750
2.875000
2.953125
3.171875
3.109375
3.171875
2.390625
1.125000
0.171875
0.000000
0.000000
0.000000
0.546875
3.125000
7.656250
9.687500
8.171875
3.843750
1.843750
1.953125
3.328125
3.531250
3.328125
3.500000
3.546875
3.984375
3.968750
4.046875
4.031250
3.734375
3.406250
3.125000
3.359375
3.296875
2.859375
3.015625
2.875000
2.781250
2.859375
2.703125
2.375000
2.421875
2.203125
1.859375
1.859375
2.000000
2.515625
2.671875
2.906250
2.859375
3.218750
2.734375
2.187500
1.703125
3.500000
4.203125
4.250000
4.968750
4.906250
4.671875
4.328125
4.265625
4.015625
3.546875
3.062500
3.046875
3.343750
3.406250
3.765625
4.281250
4.843750
5.171875
5.265625
4.843750
4.375000
4.093750
3.953125
3.718750
3.703125
4.218750
4.453125
4.312500
4.390625
4.656250
4.468750
4.656250
3.781250
2.671875
2.812500
1.875000
1.031250
0.625000
0.140625
0.765625
4.250000
6.937500
8.031250
5.875000
6.906250
7.734375
8.500000
7.906250
7.312500
7.093750
7.562500
8.000000
7.875000
7.562500
7.078125
6.390625
5.437500
4.781250
4.562500
4.406250
3.984375
3.765625
3.843750
3.781250
3.843750
3.468750
3.218750
2.687500
2.203125
1.000000
1.046875
2.046875
2.843750
3.375000
4.265625
4.406250
4.593750
3.703125
2.296875
