1.203125
2.750000
2.906250
2.843750
2.953125
2.796875
2.578125
2.500000
2.453125
2.390625
2.156250
2.062500
2.250000
2.375000
2.437500
2.625000
2.921875
3.015625
2.984375
2.875000
2.750000
2.500000
2.281250
2.359375
2.515625
2.656250
2.843750
2.750000
2.578125
2.687500
2.703125
2.609375
2.390625
1.921875
1.453125
1.328125
0.843750
1.296875
0.906250
2.234375
5.265625
6.000000
6.203125
4.156250
3.875000
4.234375
4.718750
4.531250
4.312500
4.125000
4.250000
4.593750
4.515625
4.140625
3.750000
3.484375
3.078125
2.359375
2.093750
2.281250
2.468750
2.343750
2.140625
2.250000
2.250000
2.078125
1.765625
1.546875
1.203125
1.109375
1.015625
1.500000
2.031250
2.296875
2.515625
2.656250
2.671875
2.437500
1.828125
0.906250
0.703125
1.859375
1.890625
1.625000
1.812500
1.765625
1.593750
1.687500
1.625000
1.546875
1.375000
1.656250
1.640625
1.453125
1.750000
1.890625
1.718750
1.906250
1.968750
1.640625
1.656250
1.703125
1.593750
1.562500
1.734375
1.875000
1.781250
1.625000
1.890625
1.921875
1.406250
1.703125
1.703125
1.015625
1.015625
1.765625
0.531250
2.171875
4.515625
5.453125
7.843750
6.984375
6.640625
3.531250
2.609375
1.890625
2.468750
2.343750
2.312500
2.312500
2.671875
2.343750
2.343750
2.359375
2.203125
1.765625
1.593750
1.484375
1.640625
1.390625
1.250000
1.812500
1.640625
1.421875
1.562500
1.453125
1.203125
1.328125
1.046875
1.015625
1.484375
1.515625
1.421875
1.625000
1.906250
1.593750
1.765625
1.515625
0.984375
0.734375
