004d
0000
000d
0036
0028
0029
0000
0000
0000
0000
0047
002a
0000
0000
0000
002b
00ac
0134
02a6
029c
0000
019d
003d
0000
0000
0000
0000
0079
00cc
007d
0031
0032
005d
00a7
009b
0052
0004
0000
0026
004c
0000
0000
0000
0000
0000
0000
0000
0000
0000
0000
0000
0000
0000
0000
0000
0000
0015
010e
00e2
0000
0067
0225
0000
0000
0000
0000
0000
0000
0000
0000
0000
0000
0000
0000
0000
0000
0000
0000
0000
0000
0014
0061
00a6
0087
007a
0057
0064
0076
009a
008a
0074
007e
0091
0095
008f
008a
004d
0045
0000
0000
0000
0000
0000
00ab
00bc
00e4
00b5
0050
001a
0058
0089
007a
0066
0057
0033
0000
0000
008c
0080
001d
0000
0000
0000
0000
0000
0000
0000
0000
0000
0000
0000
0000
0000
0000
0000
0000
0000
006c
01e6
0000
0000
0000
0000
0000
0000
0000
0000
0000
0000
0000
0000
0000
0000
0000
0000
0000
0000
0000
0000
0000
0000
0000
0000
0000
0000
0000
0000
0000
0000
0000
0000
0000
0000
0000
0000
0000
0000
0000
0000
007f
0000
0053
0000
0000
0000
0000
0000
0000
0000
0000
0000
0000
0000
0000
0000
0000
0000
0000
0000
0000
015a
0080
000a
0000
0000
002d
005b
005e
0034
0033
000d
0006
0017
000a
0003
0000
0000
0000
032f
06cc
0916
07bd
0405
0105
00b7
0060
0045
0083
0063
001f
0000
0000
0000
0000
000a
0120
0124
0000
0000
0000
0081
0079
007e
00bb
0071
0052
000d
0013
0069
00a4
00bf
007a
0041
0071
0087
00ba
0103
0145
0000
0000
0000
000e
0137
007c
00b0
0090
0103
0154
0163
0105
00a6
00b5
00bb
00e2
0046
0016
0088
0045
00d0
00be
0030
0000
0000
0000
0000
0000
0000
0000
0000
0000
0000
0000
0000
0000
0000
0000
0000
004c
001a
0000
0000
0135
0062
0000
0000
0000
0000
0000
0000
0000
0000
0000
0000
0000
0000
0000
0000
0000
0000
0001
0075
00a9
00ca
00e0
00df
00bc
009f
009f
00b6
00d2
00df
00f3
00cf
00c9
00e1
00bf
008a
008d
00b4
004a
0129
001b
00a2
0070
00ea
00fd
00db
00c3
00be
00ee
00da
00d0
00c4
00a9
0081
006a
0078
00bd
00aa
00d1
0000
0000
0000
0000
0017
0000
0000
0000
0000
0000
0000
0000
0000
0000
0000
0006
0004
0000
0000
0000
0071
0000
0000
0000
0000
0000
0000
0000
0000
0000
0000
0000
0000
0000
0000
0000
0000
0000
0022
008b
0000
0000
0038
0062
005a
0032
0000
0000
0000
0045
0068
001e
0000
0000
002d
008d
007d
0102
0183
00ae
0000
008c
0000
0052
0031
0033
00de
015a
0148
00a2
004e
004e
006e
00c2
00cb
0076
0000
0000
00b2
009d
0070
0071
0000
0000
0000
0000
0000
0000
0000
0000
0000
0000
0000
0000
0000
0000
0000
0000
0000
0000
007d
021d
00ab
0000
0000
0000
0000
0000
0000
000d
0000
0000
0000
0000
0000
0033
00a4
0000
0000
001c
0000
0000
0000
000a
001f
001a
000d
0000
0000
0000
0007
0014
0009
0000
0001
0000
0000
0000
00f6
03d4
04bd
0190
0000
0000
000a
0000
0000
0005
0000
0005
0000
0000
0000
0000
0070
002d
0000
0000
0000
0039
0000
0000
0000
0000
0000
0000
0000
0000
0000
0000
0000
0000
0000
0000
0000
0000
0000
0000
0000
0000
0000
0027
0000
0000
0000
0000
0000
0045
0022
0000
0000
0000
0000
0000
0018
0026
0000
0000
0000
0000
00b0
00b7
008d
009d
0092
00ac
00aa
00c1
00a8
009e
0099
00b5
00ce
00ae
00bb
009b
002e
0000
0000
0000
0000
0000
0177
0073
00ab
00da
009b
007a
0060
007e
0093
009d
008c
005a
0000
0041
00ec
009f
0041
0000
0034
0098
0070
0069
0043
0036
003a
005c
007e
006a
0062
0059
005a
006c
0062
007d
00de
0195
01ea
0204
0000
0042
0042
009e
0092
00a0
0094
0078
006e
006c
0053
005f
0064
0077
0032
0000
004f
0083
008c
0089
006d
0131
015d
0151
0129
00ef
00ca
0101
014b
016c
0153
0142
0111
0145
0140
0139
0141
006d
0000
0000
0000
023d
0080
01b4
01fe
01dc
020d
01ce
0192
0166
0132
0124
0100
00d1
005f
003c
008e
011e
0125
011e
0004
0015
004d
0026
0028
0005
0000
0000
001e
0039
0024
000e
0000
0015
001f
0049
00ab
010d
01ec
0000
0104
0040
0017
004b
0034
004d
007c
0073
0057
0015
001d
0015
003a
0039
0016
0000
0000
0046
006e
0082
0000
0000
0000
0000
0000
0000
0000
0000
0000
0000
0000
0000
0000
0000
0000
0000
0000
0000
0000
01c0
0000
0179
0000
0000
0000
0000
0000
0000
0000
0000
0000
0000
0000
0000
0000
0000
0000
0000
0000
0000
0022
0028
0007
0000
0000
0000
000e
001a
001d
0011
0000
0000
0003
0000
0000
000c
002f
00f6
023f
01c7
0326
0002
0000
006f
0028
0043
005b
0043
0019
0000
0000
0000
0000
0000
001c
0010
0000
0000
0023
0000
0000
00e2
0126
00ec
00d9
00a0
008d
00ce
010d
00f9
00e1
00d6
00e2
010b
0101
00fe
0064
0086
0000
0000
0000
0000
0000
0115
011b
0153
0147
00b6
0072
0081
00e0
00cc
00c5
00ab
0047
0000
0000
00fc
00f9
009a
0094
0046
0000
0000
0000
0000
0000
0000
0000
0000
0000
0000
0000
0000
0000
0000
0000
0000
0057
0042
01b6
0036
0104
0000
0000
0000
0000
0000
0000
0000
0013
0000
0000
0000
0000
0000
007d
0028
0000
0000
0000
0069
003c
0027
0019
0013
0016
0035
003f
003e
002d
0023
0029
0032
003b
0036
0015
0017
0114
00e0
00d4
0000
0038
0079
005b
0051
0057
0049
001f
0026
0025
0026
0016
001b
0000
0004
0018
0063
0024
0000
0000
0000
0084
00ae
00b0
0053
002a
0024
0079
00c1
00a2
0052
003f
0050
0094
0114
0116
00dc
00a2
0000
0183
00d4
006c
00ef
0108
0165
01cb
01e8
016b
00c0
007a
0080
00af
00c2
009e
0012
0000
0039
014f
00d4
00ff
00e4
0000
0000
0000
0000
0039
0051
0000
0000
0000
0000
000d
0000
0000
0000
0000
0000
0000
0000
0000
0000
00ec
0020
0000
0000
0000
0000
0000
0000
0000
0000
0000
0000
0000
0000
0112
0072
0000
0000
0058
008e
008d
00a8
009a
0087
0073
0067
007b
00a2
00a6
0097
006f
0063
0092
008f
0036
0000
004a
01c6
0274
02f4
0152
00fa
010e
00eb
0114
016b
0148
0106
007e
008d
006d
0073
007e
00ba
007f
0058
0056
0039
005f
007e
00ba
00bd
00d1
0099
0074
0065
007a
00ae
00c0
00cb
0097
0090
00b6
00bc
00b6
001c
0067
0000
022f
0000
0000
0061
009b
00bd
00bd
00e1
00e4
00e9
00c1
00b3
00be
00ab
00a4
0048
0058
0086
00bb
0105
0000
0000
0000
0000
0000
0000
0000
0000
0000
0000
0000
0000
0000
0000
0000
0000
002f
0045
01a6
0000
0000
0214
0000
0000
0000
0000
0000
0000
0000
0000
0000
0000
0000
0000
0000
0000
0000
0000
0000
0035
0012
0000
0000
0000
0000
0000
0000
0000
0000
0000
0000
0000
0000
0000
0000
0000
0058
0112
031c
01d7
0042
0000
0061
0000
0000
0000
0000
0000
0037
0017
0000
0000
0000
000d
003d
0000
0000
0000
0000
00c8
0000
0000
0000
0000
0000
0000
0000
0000
0000
0000
0000
0000
0000
0000
0000
0000
0024
0129
014b
01fe
0000
0089
0000
0000
0000
0000
0000
0000
0019
0000
0000
0000
0000
0030
0008
0000
0000
0000
000c
009f
0000
0022
0080
0056
006d
0035
0027
0025
0044
0057
004f
004d
0044
0046
005e
008f
00f3
00ec
032a
012c
023d
0000
0000
0055
0051
0079
0091
0076
0041
0040
0046
0044
0052
007c
0084
0000
0000
006c
00b3
00e9
0000
0000
0000
0000
0000
0000
0000
0000
0000
0000
0000
0000
0000
0000
0000
0000
0000
0000
000e
02fc
02e4
01bf
000f
0000
0000
0000
0000
0000
0000
0000
0000
0000
0000
0000
0000
0000
0000
0000
0000
0000
