0.000000
0.000000
0.000000
4.359375
8.437500
5.781250
0.000000
0.000000
0.000000
0.000000
0.000000
3.093750
0.968750
0.000000
0.000000
21.140625
13.500000
23.234375
16.171875
5.687500
20.875000
34.296875
23.734375
36.890625
26.390625
16.296875
1.453125
0.000000
0.000000
0.000000
0.000000
0.000000
0.000000
6.031250
11.375000
1.875000
0.000000
0.000000
0.000000
0.000000
0.000000
0.015625
0.000000
3.968750
3.203125
0.000000
0.000000
0.000000
0.000000
0.000000
0.000000
0.000000
0.000000
0.000000
0.000000
0.000000
0.000000
0.000000
0.000000
19.484375
33.093750
27.281250
30.859375
23.703125
6.453125
22.531250
10.390625
3.812500
5.703125
3.218750
2.968750
1.296875
1.859375
2.671875
0.000000
0.000000
0.203125
0.000000
0.000000
11.203125
0.000000
0.000000
0.000000
0.000000
7.859375
11.312500
5.781250
4.437500
3.703125
8.062500
16.984375
19.046875
17.203125
19.015625
20.140625
35.453125
33.453125
54.234375
65.093750
60.828125
72.203125
38.437500
12.890625
0.000000
0.000000
0.000000
0.000000
6.421875
15.500000
16.234375
15.000000
14.765625
19.218750
30.953125
37.828125
19.765625
2.437500
0.000000
0.000000
0.000000
5.781250
5.093750
2.078125
0.000000
0.000000
7.453125
14.937500
12.640625
8.500000
2.218750
1.468750
6.000000
9.015625
12.171875
11.812500
13.421875
21.218750
41.171875
32.218750
24.421875
0.000000
7.593750
2.421875
2.937500
18.234375
2.265625
5.750000
13.203125
12.843750
16.953125
20.515625
18.359375
10.437500
3.031250
0.000000
13.296875
15.796875
6.984375
1.500000
0.000000
