0.000000
0.000000
0.000000
0.000000
0.000000
0.000000
0.000000
0.000000
0.000000
0.000000
0.000000
0.000000
0.000000
0.000000
0.000000
0.000000
0.000000
0.000000
0.000000
0.000000
0.000000
0.000000
0.000000
0.000000
0.000000
0.000000
0.000000
0.000000
0.000000
0.000000
0.000000
0.000000
0.000000
0.000000
0.328125
0.703125
0.234375
0.875000
1.828125
1.578125
0.765625
0.000000
0.000000
0.000000
0.000000
0.000000
0.000000
0.000000
0.000000
0.000000
0.000000
0.000000
0.000000
0.000000
0.000000
0.000000
0.000000
0.000000
0.000000
0.000000
0.000000
0.000000
0.000000
0.000000
0.000000
0.000000
0.000000
0.000000
0.000000
0.156250
0.046875
0.000000
0.000000
0.000000
0.000000
0.000000
0.000000
0.000000
0.000000
0.531250
0.000000
0.203125
0.000000
0.000000
0.000000
0.000000
0.000000
0.000000
0.000000
0.000000
0.000000
0.000000
0.000000
0.000000
0.000000
0.000000
0.000000
0.000000
0.000000
0.000000
0.000000
0.000000
0.000000
0.000000
0.000000
0.000000
0.000000
0.000000
0.000000
0.000000
0.000000
0.000000
0.000000
0.000000
0.062500
0.000000
0.390625
1.546875
1.312500
1.359375
1.359375
1.250000
2.546875
0.750000
0.125000
0.000000
0.000000
0.000000
0.000000
0.000000
0.000000
0.000000
0.000000
0.000000
0.000000
0.000000
0.000000
0.000000
0.000000
0.000000
0.000000
0.000000
0.000000
0.000000
0.000000
0.000000
0.000000
0.000000
0.000000
0.000000
0.000000
0.000000
0.000000
0.000000
0.000000
0.000000
0.000000
0.000000
0.000000
0.000000
0.593750
0.484375
1.093750
1.578125
1.812500
1.703125
1.734375
1.609375
1.515625
1.375000
1.375000
1.000000
1.046875
1.015625
1.093750
1.218750
1.390625
1.468750
1.687500
1.796875
1.734375
1.562500
1.531250
1.453125
1.328125
1.359375
1.468750
1.468750
1.500000
1.515625
1.703125
1.593750
1.515625
1.468750
0.781250
0.171875
0.000000
0.000000
0.000000
0.000000
0.000000
0.000000
0.000000
0.000000
0.000000
1.437500
1.828125
2.375000
2.500000
2.328125
2.375000
2.359375
2.593750
2.312500
2.218750
2.203125
1.968750
1.640625
1.453125
1.640625
1.750000
1.390625
1.468750
1.390625
1.312500
1.265625
1.203125
1.031250
0.921875
0.546875
0.140625
0.187500
0.406250
0.906250
1.062500
1.546875
1.562500
1.625000
1.234375
0.625000
1.703125
3.500000
4.156250
4.218750
4.218750
3.921875
3.625000
3.250000
3.156250
3.046875
2.765625
2.437500
2.593750
3.015625
3.281250
3.468750
3.921875
4.203125
4.234375
4.234375
3.859375
3.390625
3.015625
2.953125
2.968750
3.156250
3.531250
3.609375
3.375000
3.375000
3.609375
3.375000
3.046875
2.468750
1.515625
0.562500
0.109375
0.796875
0.625000
0.140625
0.765625
1.859375
3.500000
4.921875
5.593750
6.859375
7.734375
7.765625
7.250000
6.718750
6.593750
6.953125
7.203125
6.765625
6.218750
5.703125
5.125000
4.140625
3.390625
3.218750
3.203125
2.890625
2.546875
2.593750
2.546875
2.421875
1.953125
1.515625
0.937500
0.500000
0.234375
1.046875
2.046875
2.843750
3.062500
3.328125
3.312500
3.093750
2.265625
1.000000
