0.000000
0.000000
0.000000
0.562500
0.281250
0.046875
0.078125
0.000000
0.000000
0.000000
0.000000
0.000000
0.000000
0.000000
0.000000
0.000000
0.000000
0.015625
0.000000
0.000000
0.000000
0.000000
0.000000
0.000000
0.000000
0.000000
0.000000
0.000000
0.000000
0.000000
0.062500
0.015625
0.046875
0.078125
0.000000
0.078125
0.031250
0.000000
0.046875
0.000000
0.000000
0.000000
0.000000
0.000000
0.000000
0.000000
0.000000
0.000000
0.000000
0.000000
0.000000
0.046875
0.000000
0.031250
0.000000
0.000000
0.000000
0.000000
0.000000
0.031250
0.000000
0.000000
0.000000
0.000000
0.000000
0.000000
0.000000
0.000000
0.000000
0.000000
0.000000
0.000000
0.000000
0.000000
0.000000
0.000000
0.000000
0.000000
0.000000
0.000000
0.375000
0.734375
0.984375
1.093750
1.546875
1.765625
1.968750
1.781250
1.015625
0.531250
0.250000
0.156250
0.343750
0.218750
0.109375
0.062500
0.046875
0.000000
0.000000
0.000000
0.000000
0.015625
0.125000
0.000000
0.000000
0.000000
0.000000
0.046875
0.046875
0.000000
0.000000
0.000000
0.000000
0.000000
0.000000
0.000000
0.000000
0.000000
0.000000
0.000000
0.000000
0.000000
0.000000
0.000000
0.000000
0.000000
0.000000
0.000000
0.000000
0.000000
0.000000
0.000000
0.000000
0.000000
0.000000
0.000000
0.000000
0.000000
0.000000
0.000000
0.000000
0.000000
0.062500
0.125000
0.078125
0.078125
0.031250
0.078125
0.093750
0.093750
0.000000
0.015625
0.000000
0.000000
0.000000
0.000000
0.000000
0.000000
0.000000
0.000000
