0.000000
0.000000
1.968750
1.968750
1.968750
1.562500
1.015625
0.812500
1.562500
1.562500
1.562500
1.484375
1.640625
2.578125
3.328125
8.218750
8.218750
8.218750
7.859375
0.000000
0.000000
0.000000
0.000000
0.578125
1.906250
3.187500
3.312500
3.312500
3.312500
2.531250
2.062500
2.468750
2.468750
2.468750
2.046875
0.000000
0.000000
4.265625
4.640625
4.640625
0.000000
1.312500
3.015625
3.015625
3.015625
2.578125
1.421875
2.218750
3.593750
3.593750
3.593750
3.109375
2.875000
3.593750
4.531250
9.203125
11.750000
11.750000
11.750000
8.531250
1.000000
0.000000
0.000000
4.156250
6.109375
9.218750
9.875000
9.875000
9.875000
8.640625
7.937500
4.515625
4.687500
4.687500
4.687500
4.359375
0.203125
2.890625
4.187500
4.187500
5.843750
5.843750
5.843750
5.843750
2.250000
2.250000
2.250000
2.812500
2.812500
2.812500
2.125000
2.078125
2.078125
2.234375
2.796875
4.343750
6.859375
9.046875
10.484375
10.484375
13.187500
13.187500
13.187500
13.000000
7.156250
5.968750
5.968750
5.968750
5.640625
5.625000
5.140625
2.953125
2.531250
2.875000
6.468750
6.859375
6.875000
6.875000
6.875000
3.406250
0.000000
0.000000
0.000000
0.000000
0.000000
0.000000
0.000000
0.000000
0.000000
0.000000
0.000000
0.000000
0.000000
0.000000
0.000000
0.000000
0.000000
2.125000
2.125000
2.125000
0.796875
1.921875
1.921875
1.921875
0.000000
0.000000
0.000000
0.000000
0.000000
0.000000
0.000000
0.000000
0.000000
0.000000
0.000000
0.000000
0.000000
0.000000
0.000000
0.000000
0.000000
0.000000
0.000000
0.000000
0.000000
0.000000
0.000000
0.000000
0.000000
0.000000
0.000000
0.000000
0.000000
0.000000
0.000000
0.000000
0.531250
7.265625
7.265625
7.265625
0.000000
2.156250
2.156250
2.156250
0.000000
0.000000
0.000000
0.000000
0.000000
0.000000
0.000000
0.000000
0.000000
0.000000
0.609375
0.609375
0.609375
0.078125
0.000000
0.000000
0.312500
1.812500
4.812500
4.859375
4.859375
4.859375
3.515625
3.046875
4.578125
4.875000
4.984375
4.984375
4.984375
4.937500
5.890625
11.234375
17.343750
19.062500
19.296875
19.296875
19.296875
9.875000
2.171875
3.234375
5.156250
6.546875
6.578125
6.578125
6.640625
6.640625
6.640625
5.812500
6.640625
6.640625
6.640625
4.625000
1.796875
6.906250
7.593750
7.593750
9.562500
9.812500
9.812500
9.812500
5.546875
4.828125
6.484375
6.968750
6.968750
6.968750
5.312500
5.062500
5.703125
5.812500
6.171875
8.156250
8.156250
8.156250
3.484375
0.000000
0.000000
8.312500
10.562500
10.562500
10.562500
8.140625
8.140625
7.359375
6.468750
4.890625
4.609375
4.609375
4.500000
3.718750
5.906250
9.359375
11.015625
11.015625
11.015625
8.000000
1.484375
1.484375
1.484375
1.234375
1.375000
1.375000
1.656250
2.031250
2.031250
2.031250
1.375000
1.281250
1.343750
1.531250
1.531250
1.531250
0.703125
0.000000
0.000000
7.046875
7.078125
7.531250
7.531250
7.531250
4.984375
4.187500
4.156250
3.890625
3.468750
3.468750
1.906250
1.156250
0.890625
0.312500
0.000000
0.109375
1.250000
1.250000
1.250000
0.015625
0.000000
0.000000
0.000000
0.000000
0.000000
0.000000
0.000000
0.000000
0.000000
0.000000
0.000000
0.000000
0.000000
0.000000
0.000000
0.000000
0.000000
0.000000
1.375000
5.281250
5.281250
8.234375
8.234375
8.234375
1.593750
0.000000
0.000000
0.000000
0.000000
0.000000
0.000000
0.000000
0.000000
0.000000
0.000000
0.171875
0.171875
0.171875
0.000000
0.000000
0.703125
0.703125
0.000000
0.000000
0.000000
0.000000
0.000000
0.000000
0.000000
0.000000
0.000000
0.000000
0.000000
0.000000
0.000000
0.000000
4.343750
9.171875
30.109375
30.109375
30.109375
23.031250
9.718750
4.390625
0.468750
0.000000
1.421875
2.687500
2.687500
2.687500
1.437500
0.000000
0.000000
3.437500
5.484375
5.484375
5.484375
0.781250
0.000000
0.000000
2.796875
6.625000
11.984375
11.984375
11.984375
11.343750
9.609375
7.093750
10.312500
12.500000
12.734375
12.734375
12.734375
11.468750
11.906250
16.640625
18.390625
18.390625
18.390625
1.281250
0.000000
0.000000
0.000000
10.109375
11.062500
11.062500
11.062500
12.937500
14.484375
14.484375
14.484375
13.203125
11.156250
10.671875
8.640625
5.687500
5.093750
11.296875
13.156250
13.156250
0.000000
0.000000
2.953125
2.953125
2.953125
1.765625
1.765625
0.625000
2.140625
2.140625
2.140625
1.500000
1.796875
2.875000
3.437500
4.578125
10.343750
11.890625
22.375000
22.375000
22.375000
7.171875
0.000000
1.687500
3.484375
5.875000
5.875000
5.875000
5.296875
1.046875
2.156250
2.281250
2.828125
3.109375
3.109375
3.109375
0.062500
1.875000
1.875000
1.875000
2.687500
4.187500
4.187500
4.187500
2.937500
2.390625
2.328125
2.812500
2.812500
2.812500
2.203125
1.921875
2.031250
3.031250
4.453125
6.859375
20.281250
22.125000
29.218750
29.218750
29.218750
17.359375
4.562500
4.562500
3.984375
4.859375
4.859375
4.859375
3.515625
1.750000
2.234375
2.421875
3.875000
3.890625
3.890625
3.890625
4.265625
6.671875
6.671875
6.671875
1.421875
1.421875
1.359375
1.359375
0.609375
1.078125
1.078125
1.078125
0.000000
0.000000
1.093750
1.093750
1.093750
1.062500
0.000000
0.000000
0.000000
0.000000
0.000000
0.000000
0.000000
0.000000
0.000000
0.000000
0.000000
0.000000
0.000000
0.000000
0.000000
0.000000
0.000000
0.000000
0.000000
0.000000
1.500000
1.500000
1.500000
0.000000
5.406250
5.406250
0.000000
0.046875
0.937500
1.671875
1.671875
1.671875
0.375000
0.000000
1.250000
1.250000
1.250000
0.062500
0.062500
1.468750
1.468750
1.468750
1.203125
12.750000
12.750000
12.750000
0.000000
0.000000
0.000000
0.000000
0.078125
4.218750
4.218750
4.218750
2.781250
0.000000
1.343750
2.156250
3.171875
3.968750
3.968750
3.968750
0.000000
0.000000
5.843750
5.843750
0.000000
0.000000
0.000000
0.000000
0.000000
0.000000
0.000000
0.000000
0.000000
0.000000
0.000000
0.000000
0.000000
0.000000
0.000000
0.000000
5.171875
13.406250
13.406250
13.406250
11.359375
2.250000
2.250000
2.250000
1.421875
0.000000
0.000000
0.000000
0.000000
0.000000
0.000000
0.000000
0.000000
0.000000
0.000000
0.000000
0.906250
0.906250
0.906250
0.000000
5.171875
5.171875
5.171875
2.187500
1.187500
2.406250
4.343750
4.343750
4.343750
2.625000
0.265625
2.890625
4.843750
4.843750
4.843750
11.343750
17.921875
21.953125
21.953125
21.953125
7.890625
9.921875
9.921875
9.921875
9.828125
7.171875
7.171875
5.781250
0.656250
2.781250
4.406250
5.484375
5.484375
5.484375
4.531250
6.812500
7.015625
7.015625
7.015625
0.968750
4.421875
4.421875
4.421875
2.671875
0.000000
0.000000
1.906250
1.906250
1.906250
1.718750
0.000000
0.046875
1.046875
1.343750
1.343750
6.484375
7.843750
9.625000
9.625000
9.625000
2.218750
7.171875
9.218750
9.218750
9.218750
2.671875
2.500000
0.000000
0.000000
0.000000
0.000000
0.000000
0.000000
0.000000
0.000000
3.000000
6.406250
6.406250
6.406250
0.484375
0.000000
0.000000
0.000000
0.000000
0.000000
0.000000
0.000000
0.000000
0.000000
0.000000
0.000000
0.000000
0.000000
0.000000
0.000000
0.000000
7.593750
19.312500
19.312500
19.312500
8.281250
8.281250
0.000000
0.000000
0.000000
0.000000
0.000000
0.000000
0.000000
0.000000
0.000000
0.000000
0.000000
1.828125
1.828125
1.828125
0.000000
0.000000
0.000000
0.000000
4.750000
5.609375
5.609375
5.609375
0.000000
0.000000
0.000000
1.953125
1.953125
1.953125
0.468750
0.000000
0.000000
0.000000
0.000000
0.000000
0.000000
0.000000
0.000000
0.000000
0.000000
0.000000
8.937500
8.937500
8.937500
5.421875
0.000000
0.000000
0.000000
0.000000
0.000000
0.000000
0.000000
0.000000
0.000000
0.000000
7.984375
7.984375
7.984375
0.296875
1.765625
3.593750
3.593750
3.593750
0.546875
0.125000
0.187500
1.437500
1.437500
1.437500
0.375000
0.000000
0.093750
1.937500
4.359375
16.484375
18.265625
27.218750
27.218750
27.218750
13.734375
13.734375
3.312500
5.593750
5.593750
5.593750
4.546875
3.984375
2.781250
1.984375
0.984375
2.359375
2.359375
2.359375
2.156250
0.546875
3.921875
3.921875
3.921875
3.656250
0.000000
0.000000
0.000000
0.000000
0.000000
0.000000
0.000000
0.000000
0.000000
0.000000
0.000000
0.000000
0.000000
0.000000
0.328125
2.265625
15.796875
15.796875
15.796875
10.281250
12.078125
12.078125
12.078125
10.515625
3.625000
1.531250
1.531250
2.296875
2.843750
2.843750
2.843750
1.859375
1.187500
1.187500
1.187500
1.109375
1.109375
1.109375
2.031250
2.031250
3.546875
5.718750
9.218750
11.265625
11.265625
11.265625
9.843750
7.593750
9.156250
11.500000
12.250000
12.250000
12.250000
11.125000
10.234375
10.234375
10.234375
4.796875
0.656250
0.000000
0.000000
0.000000
0.000000
3.468750
7.218750
8.390625
9.953125
11.093750
11.625000
11.625000
11.625000
11.578125
10.234375
8.578125
7.546875
7.281250
4.734375
7.593750
11.828125
11.828125
0.000000
0.000000
0.015625
3.718750
3.718750
3.718750
3.656250
1.828125
0.000000
3.546875
3.859375
3.859375
3.859375
2.968750
1.359375
1.359375
1.359375
0.000000
0.000000
0.000000
0.000000
0.000000
0.000000
0.000000
0.000000
0.000000
3.640625
7.250000
7.250000
7.250000
6.078125
4.531250
4.250000
3.218750
3.218750
2.828125
0.390625
0.000000
3.296875
3.296875
5.640625
5.640625
5.156250
1.250000
4.218750
6.843750
8.468750
8.468750
8.468750
5.156250
4.765625
7.656250
8.312500
8.312500
8.312500
7.562500
6.187500
0.000000
0.000000
3.265625
10.234375
10.234375
24.421875
24.421875
24.421875
7.468750
0.000000
0.000000
2.046875
4.828125
5.421875
5.421875
5.421875
0.406250
6.140625
9.343750
9.343750
9.343750
4.984375
0.000000
2.078125
2.875000
2.875000
2.875000
1.203125
0.000000
0.000000
0.000000
0.000000
0.000000
0.000000
0.000000
0.000000
0.000000
0.000000
5.140625
5.140625
14.062500
16.265625
16.265625
16.265625
8.125000
4.875000
0.000000
0.000000
0.000000
0.000000
0.000000
0.000000
0.000000
0.000000
0.000000
0.390625
0.390625
0.390625
0.000000
4.156250
4.156250
4.156250
2.750000
0.000000
0.000000
0.000000
0.000000
1.015625
1.015625
1.015625
0.000000
0.000000
0.000000
0.000000
0.000000
0.000000
0.000000
0.000000
6.406250
18.984375
24.656250
24.656250
24.656250
18.468750
5.359375
0.000000
0.000000
0.000000
0.000000
0.000000
0.000000
0.000000
0.093750
4.265625
7.203125
7.203125
7.203125
6.546875
1.859375
1.250000
0.000000
0.000000
0.000000
0.656250
0.656250
0.656250
0.000000
0.000000
0.000000
0.000000
0.000000
0.000000
0.000000
0.000000
0.000000
0.000000
0.000000
0.000000
0.000000
0.000000
0.000000
0.000000
6.203125
6.203125
6.203125
1.359375
1.359375
1.359375
0.000000
0.000000
0.000000
0.000000
0.000000
0.000000
0.000000
0.000000
0.000000
0.000000
0.000000
0.000000
0.000000
0.000000
0.000000
5.296875
5.296875
4.046875
4.812500
7.781250
9.421875
9.421875
9.421875
9.031250
6.218750
8.531250
10.171875
10.171875
11.359375
11.359375
11.359375
8.906250
16.234375
16.234375
16.234375
13.000000
20.421875
29.250000
29.250000
29.250000
19.625000
14.953125
13.843750
17.468750
18.531250
18.531250
18.531250
13.781250
8.953125
7.843750
12.281250
12.281250
12.281250
9.000000
2.656250
9.390625
9.390625
9.390625
7.515625
3.359375
0.000000
0.000000
2.734375
2.734375
2.734375
2.687500
0.812500
0.000000
0.000000
0.000000
0.000000
0.000000
0.000000
0.000000
4.203125
7.156250
37.031250
37.031250
37.031250
26.093750
8.218750
2.078125
0.000000
0.000000
0.000000
0.000000
0.000000
0.000000
0.000000
0.000000
2.515625
7.156250
7.156250
7.156250
3.625000
2.765625
5.640625
5.640625
10.296875
16.062500
16.062500
16.062500
14.093750
12.640625
10.750000
14.828125
16.406250
16.718750
18.750000
28.593750
34.187500
49.562500
49.562500
49.562500
46.218750
46.218750
20.218750
0.000000
0.000000
3.296875
15.093750
17.093750
17.093750
17.093750
16.484375
16.015625
15.718750
15.765625
16.390625
16.390625
16.390625
13.062500
8.125000
5.546875
4.671875
0.890625
4.093750
5.640625
5.640625
5.640625
0.000000
0.000000
0.390625
2.078125
2.078125
2.078125
0.062500
0.000000
0.000000
0.000000
0.000000
0.000000
0.000000
9.781250
9.781250
27.406250
44.093750
44.093750
44.093750
32.343750
18.812500
5.046875
0.687500
1.671875
3.015625
3.015625
3.015625
0.828125
0.000000
0.000000
0.000000
6.406250
7.093750
7.093750
7.093750
