9.140625
8.187500
7.843750
12.406250
15.296875
16.984375
12.765625
8.687500
8.156250
12.640625
14.015625
16.546875
16.468750
17.078125
13.125000
12.968750
25.437500
26.609375
43.656250
20.890625
0.000000
32.515625
13.890625
17.828125
24.593750
30.562500
19.296875
12.718750
13.984375
11.812500
6.031250
7.281250
10.453125
12.187500
12.734375
14.625000
10.171875
9.062500
12.078125
13.453125
5.328125
0.328125
1.203125
0.593750
0.625000
4.468750
12.031250
9.578125
3.234375
3.046875
4.437500
6.593750
9.703125
13.109375
14.671875
9.437500
2.671875
4.203125
24.000000
13.937500
27.968750
33.312500
16.281250
1.328125
0.812500
1.203125
1.937500
2.984375
10.578125
12.375000
12.031250
10.015625
7.921875
12.296875
16.750000
20.453125
13.828125
1.093750
1.718750
2.031250
0.000000
0.000000
0.000000
0.000000
0.000000
0.000000
0.000000
0.000000
0.000000
0.000000
0.000000
0.000000
0.000000
0.000000
0.000000
0.000000
0.000000
0.000000
0.000000
7.000000
11.453125
5.890625
0.000000
0.000000
0.000000
0.000000
0.000000
0.000000
0.000000
0.000000
0.000000
0.000000
0.000000
0.000000
0.000000
0.000000
0.000000
0.000000
0.000000
0.000000
6.406250
10.703125
11.781250
12.296875
7.296875
5.625000
3.265625
2.687500
6.078125
7.765625
7.140625
6.093750
3.484375
0.968750
0.000000
0.187500
0.734375
3.843750
8.984375
7.109375
46.968750
48.578125
54.468750
54.281250
52.437500
24.703125
17.703125
15.765625
12.093750
10.093750
9.703125
6.500000
3.859375
5.406250
6.656250
5.125000
6.390625
6.406250
11.281250
9.015625
0.000000
3.531250
9.531250
5.234375
3.390625
2.500000
2.203125
3.218750
4.203125
4.921875
4.328125
3.343750
3.531250
4.171875
4.015625
3.968750
1.562500
2.093750
0.000000
0.000000
0.000000
14.218750
0.000000
17.843750
17.218750
5.296875
5.500000
7.390625
5.625000
6.671875
9.953125
11.140625
5.281250
2.671875
1.109375
0.000000
0.000000
3.937500
8.796875
2.406250
4.031250
4.750000
0.000000
0.000000
0.015625
1.515625
0.000000
0.000000
0.000000
0.000000
0.000000
1.125000
0.750000
0.000000
0.000000
10.828125
35.187500
39.968750
34.843750
15.328125
6.843750
0.843750
4.062500
0.000000
0.000000
0.000000
0.000000
1.359375
0.000000
0.000000
1.703125
1.500000
1.437500
3.375000
4.781250
1.234375
1.953125
0.625000
0.000000
0.000000
16.828125
7.937500
7.125000
2.312500
3.046875
7.953125
1.906250
0.828125
0.984375
0.968750
0.703125
0.546875
0.890625
0.781250
0.921875
0.843750
0.328125
0.359375
4.312500
3.500000
3.312500
0.000000
0.875000
23.468750
31.718750
17.937500
1.359375
1.140625
0.484375
0.593750
0.578125
0.593750
0.343750
0.421875
0.000000
6.859375
0.375000
1.546875
2.812500
0.000000
16.421875
14.093750
13.109375
2.718750
2.750000
1.296875
0.656250
0.562500
1.890625
3.015625
2.531250
1.281250
0.984375
1.250000
2.312500
4.312500
4.343750
3.437500
2.531250
0.000000
6.046875
52.093750
59.765625
69.015625
69.890625
38.531250
7.171875
7.625000
5.671875
3.000000
1.906250
2.000000
2.734375
3.031250
2.468750
5.843750
10.812500
15.250000
17.000000
3.312500
