00ff
00e4
0000
0000
0000
0000
0039
0051
0000
0000
0000
0000
000d
0000
0000
0000
0000
0000
0000
0000
0000
0000
00ec
0020
0000
0000
0000
0000
0000
0000
0000
0000
0000
0000
0000
0000
0112
0072
0000
0000
0058
008e
008d
00a8
009a
0087
0073
0067
007b
00a2
00a6
0097
006f
0063
0092
008f
0036
0000
004a
01c6
0274
02f4
0152
00fa
010e
00eb
0114
016b
0148
0106
007e
008d
006d
0073
007e
00ba
007f
0058
0056
0039
005f
007e
00ba
00bd
00d1
0099
0074
0065
007a
00ae
00c0
00cb
0097
0090
00b6
00bc
00b6
001c
0067
0000
022f
0000
0000
0061
009b
00bd
00bd
00e1
00e4
00e9
00c1
00b3
00be
00ab
00a4
0048
0058
0086
00bb
0105
0000
0000
0000
0000
0000
0000
0000
0000
0000
0000
0000
0000
0000
0000
0000
0000
002f
0045
01a6
0000
0000
0214
0000
0000
0000
0000
0000
0000
0000
0000
0000
0000
0000
0000
0000
0000
0000
0000
0000
0035
0012
0000
0000
0000
0000
0000
0000
0000
0000
0000
0000
0000
0000
0000
0000
0000
0058
0112
031c
01d7
0042
0000
0061
0000
0000
0000
0000
0000
0037
0017
0000
0000
0000
000d
003d
0000
0000
0000
0000
00c8
0000
0000
0000
0000
0000
0000
0000
0000
0000
0000
0000
0000
0000
0000
0000
0000
0024
0129
014b
01fe
0000
0089
0000
0000
0000
0000
0000
0000
0019
0000
0000
0000
0000
0030
0008
0000
0000
0000
000c
009f
0000
0022
0080
0056
006d
0035
0027
0025
0044
0057
004f
004d
0044
0046
005e
008f
00f3
00ec
032a
012c
023d
0000
0000
0055
0051
0079
0091
0076
0041
0040
0046
0044
0052
007c
0084
0000
0000
006c
00b3
00e9
0000
0000
0000
0000
0000
0000
0000
0000
0000
0000
0000
0000
0000
0000
0000
0000
0000
0000
000e
02fc
02e4
01bf
000f
0000
0000
0000
0000
0000
0000
0000
0000
0000
0000
0000
0000
0000
0000
0000
0000
0000
