1.203125
0.000000
0.203125
0.843750
0.625000
0.640625
0.000000
0.000000
0.000000
0.000000
1.109375
0.656250
0.000000
0.000000
0.000000
0.671875
2.687500
4.812500
10.593750
10.437500
0.000000
6.453125
0.953125
0.000000
0.000000
0.000000
0.000000
1.890625
3.187500
1.953125
0.765625
0.781250
1.453125
2.609375
2.421875
1.281250
0.062500
0.000000
0.593750
1.187500
0.312500
1.515625
2.593750
2.109375
1.906250
1.359375
1.562500
1.843750
2.406250
2.156250
1.812500
1.968750
2.265625
2.328125
2.234375
2.156250
1.203125
1.078125
0.000000
0.000000
0.000000
0.000000
0.000000
2.671875
2.937500
3.562500
2.828125
1.250000
0.406250
1.375000
2.140625
1.906250
1.593750
1.359375
0.796875
0.000000
0.000000
2.187500
2.000000
0.453125
0.000000
0.000000
0.000000
0.000000
0.000000
0.000000
0.000000
0.000000
0.000000
0.000000
0.000000
0.000000
0.000000
0.000000
0.000000
0.000000
0.000000
0.000000
0.000000
1.984375
0.000000
1.296875
0.000000
0.000000
0.000000
0.000000
0.000000
0.000000
0.000000
0.000000
0.000000
0.000000
0.000000
0.000000
0.000000
0.000000
0.000000
0.000000
0.000000
0.000000
2.015625
1.890625
1.968750
2.921875
1.765625
1.281250
0.203125
0.296875
1.640625
2.562500
2.984375
1.906250
1.015625
1.765625
2.109375
2.906250
4.046875
5.078125
0.000000
0.000000
0.000000
0.218750
4.859375
1.937500
2.750000
2.250000
4.046875
5.312500
5.546875
4.078125
2.593750
2.828125
2.921875
3.531250
1.093750
0.343750
2.125000
1.078125
3.250000
2.968750
1.828125
2.640625
3.156250
3.500000
3.484375
2.937500
2.484375
2.484375
2.843750
3.281250
3.484375
3.796875
3.234375
3.140625
3.515625
2.984375
2.156250
2.203125
2.812500
1.156250
4.640625
0.421875
2.531250
1.750000
3.656250
3.953125
3.421875
3.046875
2.968750
3.718750
3.406250
3.250000
3.062500
2.640625
2.015625
1.656250
1.875000
2.953125
2.656250
3.265625
0.000000
0.000000
0.875000
1.531250
1.406250
0.781250
0.000000
0.000000
0.000000
1.078125
1.625000
0.468750
0.000000
0.000000
0.703125
2.203125
1.953125
4.031250
6.046875
2.718750
0.000000
2.187500
0.000000
1.281250
0.765625
0.796875
3.468750
5.406250
5.125000
2.531250
1.218750
1.218750
1.718750
3.031250
3.171875
1.843750
0.000000
0.000000
2.781250
2.453125
0.000000
0.000000
0.000000
0.156250
0.484375
0.406250
0.203125
0.000000
0.000000
0.000000
0.109375
0.312500
0.140625
0.000000
0.015625
0.000000
0.000000
0.000000
3.843750
15.312500
18.953125
6.250000
0.000000
0.000000
0.156250
0.000000
0.000000
0.078125
0.000000
0.078125
0.000000
0.000000
0.000000
0.000000
1.750000
0.703125
0.000000
0.000000
0.000000
0.890625
2.750000
2.859375
2.203125
2.453125
2.281250
2.687500
2.656250
3.015625
2.625000
2.468750
2.390625
2.828125
3.218750
2.718750
2.921875
2.421875
0.718750
0.000000
0.000000
0.000000
0.000000
0.000000
5.859375
1.796875
2.671875
3.406250
2.421875
1.906250
1.500000
1.968750
2.296875
2.453125
2.187500
1.406250
0.000000
1.015625
3.687500
2.484375
1.015625
0.000000
1.703125
4.765625
5.453125
5.265625
4.640625
3.734375
3.156250
4.015625
5.171875
5.687500
5.296875
5.031250
4.265625
5.078125
5.000000
4.890625
5.015625
1.703125
0.000000
0.000000
0.000000
8.953125
2.000000
6.812500
7.968750
7.437500
8.203125
7.218750
6.281250
5.593750
4.781250
4.562500
4.000000
3.265625
1.484375
0.937500
2.218750
4.468750
4.578125
4.468750
0.000000
0.000000
0.000000
0.000000
0.000000
0.000000
0.000000
0.000000
0.000000
0.000000
0.000000
0.000000
0.000000
0.000000
0.000000
0.000000
0.000000
0.000000
0.000000
7.000000
0.000000
5.890625
0.000000
0.000000
0.000000
0.000000
0.000000
0.000000
0.000000
0.000000
0.000000
0.000000
0.000000
0.000000
0.000000
0.000000
0.000000
0.000000
0.000000
0.000000
0.000000
3.531250
4.593750
3.687500
3.390625
2.500000
2.203125
3.218750
4.203125
3.890625
3.515625
3.343750
3.531250
4.171875
4.015625
3.968750
1.562500
2.093750
0.000000
0.000000
0.000000
0.000000
0.000000
4.328125
4.421875
5.296875
5.109375
2.843750
1.781250
2.015625
3.500000
3.187500
3.078125
2.671875
1.109375
0.000000
0.000000
3.937500
3.890625
2.406250
0.000000
1.640625
0.937500
0.609375
0.390625
0.296875
0.343750
0.828125
0.984375
0.968750
0.703125
0.546875
0.640625
0.781250
0.921875
0.843750
0.328125
0.359375
4.312500
3.500000
3.312500
0.000000
0.875000
1.890625
1.421875
1.265625
1.359375
1.140625
0.484375
0.593750
0.578125
0.593750
0.343750
0.421875
0.000000
0.062500
0.375000
1.546875
0.562500
0.000000
3.984375
3.562500
0.000000
0.000000
0.000000
0.000000
0.890625
1.265625
0.000000
0.000000
0.000000
0.000000
0.203125
0.000000
0.000000
0.000000
0.000000
0.000000
0.000000
0.000000
0.000000
0.000000
3.687500
0.500000
0.000000
0.000000
0.000000
0.000000
0.000000
0.000000
0.000000
0.000000
0.000000
0.000000
0.000000
0.000000
4.281250
1.781250
0.000000
0.000000
1.484375
1.968750
2.906250
2.953125
3.265625
2.390625
1.812500
1.578125
1.906250
2.718750
3.000000
3.171875
2.359375
2.250000
2.843750
2.937500
2.843750
0.437500
1.609375
0.000000
8.734375
0.000000
0.000000
1.515625
2.421875
2.953125
2.953125
3.515625
3.562500
3.640625
3.015625
2.796875
2.968750
2.671875
2.562500
1.125000
1.375000
2.093750
2.921875
4.078125
0.281250
0.000000
0.000000
0.000000
0.000000
0.000000
0.000000
0.000000
0.000000
0.000000
0.000000
0.000000
0.000000
0.000000
0.000000
0.000000
1.375000
4.281250
12.437500
7.359375
1.031250
0.000000
1.515625
0.000000
0.000000
0.000000
0.000000
0.000000
0.859375
0.359375
0.000000
0.000000
0.000000
0.203125
0.953125
0.000000
0.000000
0.000000
0.000000
3.125000
0.000000
0.531250
2.000000
1.343750
1.703125
0.828125
0.609375
0.578125
1.062500
1.359375
1.234375
1.203125
1.062500
1.093750
1.468750
2.234375
3.796875
3.687500
12.656250
4.687500
8.953125
0.000000
0.000000
1.328125
1.265625
1.890625
2.265625
1.843750
1.015625
1.000000
1.093750
1.062500
1.281250
1.937500
2.062500
0.000000
0.000000
1.687500
2.796875
3.640625
