001d
0019
0019
001a
0019
001a
001a
001a
001b
0019
0018
0017
0017
0015
0015
0014
0016
0013
0013
0015
0013
0012
0014
0015
0015
0017
0018
0018
0019
0018
0019
0019
001a
001a
001b
001b
001a
0019
0019
0018
0018
0016
0015
0016
0013
0013
0013
0015
0015
0016
0014
0016
0016
0018
0016
0017
0016
0013
0014
0016
0015
0016
0015
0013
0013
0010
000f
0010
000f
0007
0001
0000
0000
0000
0000
0000
0000
0000
0000
0000
0000
0000
0000
0013
0028
002b
002a
0028
002a
002d
002e
0030
0031
0030
0030
002e
002e
002d
002b
002b
002a
0029
002b
002c
002e
002b
002a
0029
0026
0026
0025
0023
0022
0020
001a
0019
0017
0012
0014
0013
0014
0011
0012
0011
0011
0010
0011
0011
0011
0010
000e
000e
000e
000c
000c
0008
000a
000b
000b
000b
000b
000d
000f
0011
0013
0015
0015
0013
0013
0014
0012
0014
0013
0014
0012
0010
0010
0010
0007
0005
0005
0000
0000
0000
0000
0000
0000
0000
0000
0000
0000
0000
0000
0000
0000
0000
0000
0000
0000
0000
0001
0000
0000
0000
0000
0000
0000
0000
0000
0000
0000
0000
0000
0000
0000
0000
0000
0000
0000
0000
0000
0000
0000
0000
0000
0000
0000
0000
0000
0000
0000
0000
0000
0000
0000
0000
0000
0000
0000
0000
0000
0000
0000
0000
0000
0000
0000
0000
0000
0000
0000
0000
0000
0000
0000
0000
0000
0000
0000
0000
0000
0000
0000
0007
0009
0008
0006
0000
0001
0002
0001
0000
0002
0000
0000
0000
0001
0000
0000
0000
0000
0000
0000
0000
0001
0000
0000
0000
0000
0000
0001
0000
0000
0000
0000
0000
0000
0000
0000
0000
0000
0000
0000
0000
0000
0000
0000
0000
0000
0000
0000
0000
0000
0000
0000
0000
0000
0000
0000
0000
0000
0000
0000
0000
0000
0000
0000
0000
0000
0000
0000
0000
0000
0000
0000
0000
0000
0000
0000
0000
000d
001c
001b
001d
001d
001e
0020
001e
0021
001f
0020
001c
001c
001b
001a
0019
0018
0017
0016
0017
0014
0016
0015
0015
0017
0018
0019
001c
001d
001e
001d
001e
001f
001f
001f
0020
0020
0020
001f
001d
001f
001c
001b
0019
0017
0017
0016
0017
0017
0017
0017
0018
0019
001a
001b
001b
001a
0018
0018
0018
0018
0018
0018
0019
0015
0014
0011
0011
000e
000d
0006
0000
0000
0000
0000
0000
0000
0000
0000
0000
0000
0000
0000
0000
0000
000d
0024
002f
0034
003a
003c
0041
0043
0047
0048
0048
0045
0042
0042
0042
0040
003d
003e
003e
003e
0040
0040
003f
003b
0038
0035
0033
0031
002f
002a
0027
0022
001c
0019
0016
0014
0015
0015
0014
0012
0010
0011
0010
000f
000f
000c
000b
000a
000b
0009
0007
0004
0003
0002
0004
0004
0004
0006
000a
000e
0010
0012
0013
0014
0013
0013
0014
0015
0014
0014
0012
0012
000f
000c
0006
000b
0007
0009
0009
0008
0008
0009
0009
0008
0009
0007
0008
0008
0006
0006
0006
0006
0006
0006
0006
0007
0006
0007
0007
0007
0006
0007
0009
0009
0009
0009
0008
000a
000a
0007
0009
0009
0007
0009
0009
0007
0009
0008
0005
0006
0007
0006
0007
0007
0006
0006
0007
0007
0009
0007
0006
0007
0008
0006
0007
0006
0006
0006
0006
0006
0005
0004
0004
0004
0001
0000
0000
0000
0000
0000
0000
0000
0000
0000
0000
0000
0000
0000
0005
0010
0011
0011
000e
000f
0012
0012
0012
0014
0013
0012
0012
0012
0010
0010
0010
0010
000f
0010
0010
0012
0011
0010
0010
000f
000c
000e
000c
000b
000b
0009
0007
0008
0006
0005
0006
0007
0006
0007
0004
0004
0003
0003
0003
0004
0003
0001
0003
0004
0002
0003
0001
0001
0003
0003
0001
0002
0002
0002
0004
0006
0007
0008
0007
0007
0007
0007
0007
0007
0006
0005
0004
0003
0003
0003
0000
0005
0006
0005
0007
0008
0006
0006
0007
0005
0009
0007
0006
0007
0006
0006
0007
0006
0006
0008
0005
0006
0005
0006
0005
0007
0005
0006
0004
0006
0004
0007
0007
0004
0007
0006
0004
0009
0008
0005
0007
0006
0006
0008
0006
0006
0006
0006
0005
0006
0005
0004
0006
0006
0006
0006
0006
0006
0007
0006
0006
0006
0006
0006
0005
0008
0005
0007
0006
0004
0006
0007
0006
000a
0007
0005
000c
0010
000b
0007
0005
0000
0000
0000
0000
0000
0000
0003
0006
0006
0004
0006
0007
0006
0005
0006
0007
0008
0009
0007
0006
0008
0007
0008
0005
0006
0008
0007
0006
0007
0008
0006
0008
0006
0006
0008
0008
0009
0008
0007
0006
0006
0005
0006
0007
0006
0005
0006
0006
0005
0006
0007
0005
0007
0006
0007
0007
0007
0005
0006
0005
0004
0006
0006
0006
0005
0005
0005
0006
0006
0006
0005
0007
0005
0007
0006
0006
0007
0005
0006
0009
000a
0006
0006
0005
0004
0004
0003
0004
0004
0001
0003
0004
0002
0002
0002
0002
0003
0002
0002
0003
0003
0003
0004
0004
0003
0004
0005
0005
0006
0005
0004
0005
0006
0004
0004
0004
0002
0003
0003
0002
0005
0003
0001
0003
0002
0002
0003
0004
0003
0003
0003
0004
0005
0005
0003
0004
0003
0002
0003
0003
0002
0003
0002
0002
0002
0002
0001
0002
0000
0000
0000
0000
0000
0000
0000
0000
0000
0000
0000
0000
0005
0013
0021
0029
0023
0016
000c
0008
000a
0009
0008
0009
0009
0007
0007
0007
0007
0006
0005
0005
0005
0005
0006
0007
0008
0004
0004
0004
0003
0004
0004
0003
0003
0001
0001
0001
0000
0000
0001
0003
0003
0003
0003
0002
0001
0002
0001
0003
0003
0000
0002
0003
0002
0002
0000
0001
0002
0003
0002
0002
0003
0003
0005
0006
0005
0006
0005
0004
0004
0004
0004
0004
0003
0002
0002
0002
0001
0003
0000
0000
0000
0000
0000
0000
0000
0000
0000
0000
0000
0000
0000
0000
0000
0000
0000
0000
0000
0000
0000
0000
0000
0000
0000
0000
0000
0000
0000
0000
0000
0000
0000
0000
0000
0000
0000
0000
0000
0000
0000
0000
0000
0000
0000
0000
0000
0000
0000
0000
0000
0000
0000
0000
0000
0000
0000
0000
0000
0000
0000
0000
0000
0000
0000
0000
0000
0000
0000
0000
0000
0000
0000
0000
0007
0015
0026
0037
0055
0085
00a7
00ba
00c3
00b6
0096
006c
0036
0005
0000
0000
0000
0000
0000
0000
0000
0000
0000
0000
0000
0000
0000
0000
0000
0000
0000
0000
0000
0000
0000
0000
0000
0000
0000
0000
0000
0000
0000
0000
0000
0000
0000
0000
0000
0000
0000
0000
0000
0000
0000
0000
0000
0000
0000
0000
0000
0000
0000
0000
0000
0000
0000
0000
0000
0000
0000
0000
0000
0000
0000
0000
0000
0000
0000
0000
0000
0000
0000
0000
0000
0000
0000
0000
0000
0000
0000
0000
0000
0000
0000
0000
0000
0000
0000
0000
0000
0000
0000
0000
0000
0000
0000
0000
0000
0000
0000
0000
0000
0000
0000
0000
0000
0000
0000
0000
0000
0000
0000
0000
0000
0000
0000
0000
0000
0000
0000
0000
0000
0000
0000
0000
0000
0000
0000
0000
0000
0000
0000
0000
0000
0000
0000
0000
0000
0000
0000
0000
0000
0000
0000
0000
0000
0000
0003
0006
000e
0014
001f
0034
004a
004a
0049
0041
002e
0017
0001
0000
0000
0000
0000
0000
0000
0000
0000
0000
0000
0000
0000
0000
0000
0000
0000
0000
0000
0000
0000
0000
0000
0000
0000
0000
0000
0000
0000
0000
0000
0000
0000
0000
0000
0000
0000
0000
0000
0000
0000
0000
0000
0000
0000
0000
0000
0000
0000
0000
0000
0000
0000
0000
0000
0000
0000
0000
0000
0000
0000
0000
0000
0000
0000
0000
0000
0000
0000
0000
0000
0000
0000
0000
0000
0000
0000
0003
