001d
002e
0020
000f
000b
000a
0005
0004
0001
0003
0000
0000
0000
0000
0000
0000
0001
0005
0006
0000
0005
0007
000a
000b
0012
0010
0010
000d
000c
000e
000c
000b
000b
000a
0004
0003
0005
0001
0000
0000
0000
0000
0000
0000
0004
0002
0006
0006
0008
0008
000c
0009
000a
0007
0004
0002
0002
0003
0003
0003
0004
0000
0000
0000
0000
0000
0000
0000
0000
0000
0000
0000
0000
0000
0000
0000
0000
0000
0000
0000
0012
002e
0046
0051
0058
0066
005b
0045
002d
001f
001c
0014
000d
0009
0000
0000
0000
0000
0000
0000
0002
0007
0003
0002
0000
0000
0000
0000
0000
0000
0000
0000
0000
0000
0000
0000
0000
0000
0000
0000
0000
0000
0000
0000
0000
0000
0001
0000
0000
0002
0001
0000
0000
0000
0002
0002
0000
0005
000a
000c
000e
0019
001a
001c
0016
0012
0011
000d
0009
0009
0007
0003
0001
0000
0000
0000
0000
0000
0000
0000
