02b8
0349
03e6
0319
0135
00fc
0107
01c7
026f
020d
0172
0141
015b
01a2
01e2
0206
00ed
0025
01c9
014f
01bf
062a
085b
093e
0864
04eb
028e
01e4
01fc
018b
0112
0084
006b
0000
0082
0217
03c7
04e4
0485
0220
0196
012c
0074
0000
0000
0050
0104
013a
00cb
0000
0000
0083
00c9
00c9
01b1
0311
0420
0203
01c7
0120
01cb
004c
00a3
0000
0103
0000
0000
0000
0000
0000
0055
011b
00dc
0116
013f
0155
02cc
018a
0000
0000
0000
0000
0000
0000
0000
0000
0000
0000
0000
0000
0000
0000
0000
0000
0000
0000
0000
0000
0000
0055
018c
0288
051b
0245
0000
0000
0000
0000
0000
0000
0000
0000
0000
0000
0000
0000
00a0
0000
0000
0000
00ac
00d6
017d
0009
0000
0000
0000
0000
0071
0000
0000
0000
0000
0000
0000
0000
0000
0000
0165
047d
0288
0380
0521
0588
04ad
02e5
008c
0000
0000
0000
0000
0000
0000
0000
0000
006b
0034
018e
01da
00f5
0043
0087
00cf
00a4
0268
032c
0316
0278
02d0
0262
02c1
0390
03ad
032c
0305
0113
00bd
006f
0000
0000
0000
0000
0104
020b
02ec
01ca
00e4
014e
01d3
02db
0351
0335
02bb
01a6
0234
02c3
0149
0126
00fe
00bb
0000
0000
0000
0000
0000
0000
0000
0000
0000
0000
0000
0000
0000
0000
0000
0000
0000
0000
0000
0000
0000
0000
0000
0000
0000
0000
0000
0000
0000
0000
0000
0000
0000
0000
0000
0000
0000
0000
0000
0000
0000
0000
0000
0000
0000
0000
0000
0000
0000
0000
0000
0000
0000
0000
0000
0000
0000
0000
0000
0000
0000
0000
0000
0000
0000
0000
0000
0000
0000
0000
0000
0000
0000
0000
0000
0000
0000
0000
0000
0000
01a1
0263
02d3
029a
01f0
01e1
020b
01dc
0208
0215
01e5
01fe
0225
0210
01eb
0290
03cc
04f0
0750
084b
0851
0891
090d
090b
075b
0399
0111
0114
0166
01b8
01bb
01f1
0191
0113
01a5
01e8
03cc
034b
03f8
021c
01d7
008a
0000
015f
02e4
036d
02d1
01e8
00ef
01a3
0323
03f7
03d5
0347
03b1
052c
0b2f
0db3
12cf
0e25
0c40
0650
040d
0000
0000
0000
012a
0250
03d4
04bd
03c7
029c
0344
041d
03be
036f
02d7
0000
0000
0178
0000
0002
0062
013e
00d6
0000
0000
0000
0000
0000
006f
0000
0000
0000
0000
0000
0000
0000
0000
0000
0000
0000
00fb
0000
0000
0000
0000
0000
0000
0000
0000
0000
0000
0000
0000
0000
0000
0000
0000
011e
0000
0000
0000
0000
0000
0000
0000
0000
0000
0000
0000
0000
0000
0000
0000
0000
0000
0000
0000
0000
0000
0000
0000
0000
0000
0000
0000
0000
0000
0000
0000
0000
0000
0000
0000
0000
0000
0000
0000
0178
013e
015f
0177
0071
0000
0000
0002
0066
012b
00a6
0000
0000
0000
0000
0000
0000
0000
0000
0000
0000
03f8
046d
0410
0000
00d9
0000
0000
0000
0000
0000
0000
0000
0000
0000
0000
002a
01bc
01e3
0363
018d
0218
0349
03a7
0096
0000
0000
0061
0116
00ce
0000
0000
0000
0000
0000
0000
0000
0000
0000
0000
0000
02e4
087c
0b42
0bd8
082e
02b8
0098
0000
0000
0000
0000
0000
0000
0000
0000
01b3
02af
03d9
01d8
0000
0000
0000
0000
0261
03bf
023b
00e3
0000
0000
0193
0367
0326
01f8
00d3
01cb
01ab
0122
0000
0000
0000
0000
0000
0000
0000
0000
0000
0055
0110
01c7
01ac
0012
0000
0000
0097
00d7
0000
0000
0000
0000
033a
0378
0304
0000
0000
0000
0000
000c
0000
0000
0000
0000
0000
0000
0000
0000
0000
0000
0000
0000
02b5
07df
0820
0eb9
0ab9
0000
0000
0000
0000
0000
0000
0000
0000
0000
0000
0000
0192
0463
00bf
0000
014b
0215
01c6
0135
007d
0000
00cf
028d
02c2
0153
0093
0000
00ea
0228
02fc
038d
0513
0739
0219
0000
0000
0000
0000
0000
0000
0241
002f
0000
0000
0000
0000
0000
0000
0000
0000
0000
0216
0397
01bb
00e5
0000
01dc
00db
0099
01c9
02aa
0350
0267
012b
00bf
01bd
022e
02e1
030d
0300
0208
0205
051b
063a
0aea
0539
0000
05e4
02f9
02c1
0428
05c8
02c6
0160
01ed
018e
0050
00ae
019d
023b
02d0
036c
01fd
0126
01e0
023f
0151
0000
0000
0000
0000
0119
0302
0265
00b1
008a
00f8
0198
026d
0332
038c
0213
0000
0000
0414
037c
05fa
0814
03fb
000a
0000
0000
0000
004c
024e
0303
02e5
026c
01c1
02da
041a
051d
0375
0000
0000
0000
0000
0000
0000
0000
0000
0000
0000
0000
0000
0000
0000
0000
0000
0000
0000
0000
0000
0000
0000
0000
02dd
0000
0000
0000
0000
0000
0000
0000
0000
0000
0000
0000
0000
0000
0000
0000
0000
0000
0000
0000
0178
0285
02eb
0313
01d3
0168
00c3
0092
0168
01e0
01c9
0186
00dc
003e
0000
0000
0000
0000
0000
0000
0898
0c23
0d9e
0d23
0cf4
05ea
0412
03ae
02ed
0286
026d
01a0
00f7
015a
018e
0138
0199
019a
02af
0241
0000
0000
013c
0063
0000
0000
0000
0000
0000
0042
0034
0000
0000
0000
0000
0000
0000
0000
0000
0000
0000
038e
0000
0361
0333
0000
0019
0123
00f6
012a
019d
01fd
008d
0000
0000
0000
0000
0000
013a
0000
006e
00ea
0000
0000
0001
0061
0000
0000
0000
0000
0000
0048
0030
0000
0000
02b5
08cc
09fe
085f
0393
0000
0000
0000
0000
0000
0000
0000
0057
0000
0000
005a
0060
005c
00d8
0132
004f
0000
0000
0000
0000
0435
0193
018c
006d
00aa
01ea
0064
0000
0000
0000
0000
0000
0010
0000
0000
0000
0000
0000
0000
0000
0000
0000
0000
0565
0793
042b
0000
0000
0000
0000
0000
0000
0000
0000
0000
01b3
0000
0000
0090
0000
041b
0386
02c3
0000
0000
0000
0000
0000
0000
0000
0000
0000
0000
0000
0000
0000
0000
0000
0000
0000
0000
0c32
0e85
1052
1071
083d
0000
0000
0000
0000
0000
0000
0000
0000
0000
0164
02b4
0397
02f1
0000
0000
0000
0000
0117
021c
0172
0000
0000
0000
0000
0000
00c6
003e
0000
0000
0549
0360
05cf
040b
016c
0538
0893
05ef
0939
0699
0413
005d
0000
0000
0000
0000
0000
0000
0182
02d8
0078
0000
0000
0000
0000
03d2
0359
04a1
06b4
0643
0475
0254
026b
03dc
0530
0566
03f1
0158
011b
0000
0000
0000
0000
0000
0000
0000
02a4
05f9
05f9
09bd
040c
0bfd
0520
0178
0086
0000
0000
0000
0000
0103
02fd
03df
02bb
079b
077e
0000
0001
0000
00fe
00cd
0000
0000
0000
0000
0000
0000
0000
0000
0000
0000
0000
0000
0000
0000
04df
0846
06d2
07b7
05ed
019d
05a2
0299
00f4
016d
00ce
00be
0053
0077
00ab
0000
0000
000d
0000
0000
02cd
0286
0228
0401
043b
0425
018d
0000
0000
0000
0116
0194
0047
0000
0000
0007
0000
0000
0000
0000
0000
0000
05d2
0516
0a88
0af2
0bdf
0a68
0313
00e5
0000
0000
0000
0000
007e
0120
0000
0000
001b
01ad
01d3
0000
0000
0000
0000
01f7
02d4
0172
011c
00ed
0204
043f
04c3
044d
04c1
0509
08dd
085d
0d8f
1046
0f35
120d
099c
0339
0000
0000
0000
0000
019b
03e0
040f
03c0
03b1
04ce
07bd
0975
04f1
009c
0000
0000
0000
0275
00b6
00d7
0000
011b
028d
02bb
0298
0290
02f0
03fd
048e
05ec
0703
0821
0784
05b5
01d3
0000
0000
005a
0929
0928
0000
0000
0000
0000
0000
0099
0184
014a
0102
0116
01f0
052c
06a1
0325
015f
0000
0000
0172
0146
0085
0000
0000
01dd
03bc
0329
0220
008e
005e
0180
0241
030b
02f4
035b
054e
0a4b
080e
061b
0000
01e6
009b
00bc
048f
0091
0170
034d
0336
043d
0521
0497
029c
00c2
0000
0353
03f3
01bf
0060
0000
0000
0000
0021
00d8
009f
0000
0230
0545
054a
03ec
0295
00d6
008b
0257
026d
0783
0585
097f
0c3b
1052
07f2
0000
0000
0000
0000
0000
0000
01b4
03ae
057c
05b6
04a1
02e0
01d7
0000
0029
0351
032d
0226
0395
