7.437500
3.421875
2.390625
7.140625
10.656250
13.250000
9.609375
4.671875
2.984375
6.953125
8.718750
11.515625
12.203125
12.000000
8.125000
8.078125
20.421875
24.906250
43.656250
20.890625
0.000000
23.562500
11.890625
11.015625
16.625000
23.125000
11.093750
5.500000
7.703125
6.218750
1.250000
2.718750
6.453125
8.921875
11.250000
13.687500
7.953125
4.593750
7.500000
8.984375
0.000000
0.000000
0.000000
0.000000
0.000000
0.000000
0.000000
0.000000
0.000000
0.000000
0.000000
0.000000
0.000000
0.000000
0.000000
0.000000
0.000000
0.000000
0.000000
0.000000
11.453125
0.000000
0.000000
0.000000
0.000000
0.000000
0.000000
0.000000
0.000000
0.000000
0.000000
0.000000
0.000000
0.000000
0.000000
0.000000
0.000000
0.000000
0.000000
0.000000
0.000000
0.000000
4.937500
1.546875
0.000000
0.000000
0.000000
0.000000
0.000000
1.031250
0.812500
0.000000
0.000000
0.000000
0.000000
0.000000
0.000000
0.000000
0.000000
0.000000
0.000000
14.218750
0.000000
13.515625
12.796875
0.000000
0.390625
4.546875
3.843750
4.656250
6.453125
7.953125
2.203125
0.000000
0.000000
0.000000
0.000000
0.000000
4.906250
0.000000
16.828125
6.296875
6.187500
1.703125
2.656250
7.656250
1.562500
0.000000
0.000000
0.000000
0.000000
0.000000
0.250000
0.000000
0.000000
0.000000
0.000000
0.000000
0.000000
0.000000
0.000000
0.000000
0.000000
21.578125
30.296875
16.671875
0.000000
0.000000
0.000000
0.000000
0.000000
0.000000
0.000000
0.000000
0.000000
6.796875
0.000000
0.000000
2.250000
0.000000
