5.640625
5.156250
1.250000
0.000000
0.000000
4.218750
6.843750
8.468750
5.156250
1.078125
1.156250
4.765625
7.656250
8.312500
7.562500
6.187500
0.000000
0.000000
0.000000
0.000000
3.265625
10.234375
1.046875
24.421875
7.468750
0.000000
0.000000
0.000000
0.000000
2.046875
4.828125
5.421875
0.406250
0.000000
0.000000
6.140625
9.343750
4.984375
0.000000
0.000000
0.000000
0.000000
0.000000
0.000000
0.000000
1.015625
0.000000
0.000000
0.000000
0.000000
0.000000
0.000000
0.000000
0.000000
0.000000
0.000000
6.406250
18.984375
24.656250
18.468750
5.359375
0.000000
0.000000
0.000000
0.000000
0.000000
0.000000
0.000000
0.000000
0.000000
0.093750
4.265625
7.203125
6.546875
1.859375
1.250000
0.000000
0.000000
0.000000
0.000000
5.296875
4.046875
1.875000
3.343750
4.812500
7.781250
9.421875
9.031250
6.218750
4.937500
5.500000
8.531250
10.171875
9.921875
11.359375
8.906250
8.890625
0.000000
16.234375
9.593750
1.484375
13.000000
20.421875
29.250000
19.625000
14.953125
13.156250
12.515625
13.843750
17.468750
18.531250
13.781250
8.953125
5.312500
6.375000
7.843750
12.281250
9.000000
0.000000
2.656250
0.000000
2.765625
5.640625
4.890625
10.296875
16.062500
14.093750
12.640625
10.546875
9.453125
10.750000
14.828125
16.406250
16.718750
18.750000
28.593750
34.187500
49.562500
44.031250
46.218750
20.218750
0.000000
0.000000
0.000000
0.000000
3.296875
15.093750
17.093750
16.484375
16.015625
14.265625
14.796875
15.718750
15.765625
16.390625
13.062500
8.125000
5.546875
4.671875
2.843750
