0.234375
0.046875
0.000000
0.375000
0.593750
0.718750
0.781250
0.968750
1.015625
0.906250
0.937500
1.031250
0.968750
0.968750
0.890625
0.906250
0.906250
0.765625
0.781250
0.890625
0.937500
0.734375
0.750000
0.656250
0.562500
0.453125
0.531250
0.609375
0.671875
0.640625
0.656250
0.640625
0.671875
0.718750
0.859375
0.937500
0.890625
0.890625
1.000000
1.000000
1.000000
0.984375
0.953125
0.890625
0.890625
0.828125
0.875000
0.781250
0.796875
0.734375
0.703125
0.640625
0.656250
0.750000
0.796875
0.921875
0.937500
0.765625
0.765625
0.781250
0.781250
0.875000
0.937500
0.890625
0.921875
0.937500
0.796875
0.843750
0.953125
0.812500
0.703125
0.515625
0.156250
0.062500
0.000000
0.000000
0.000000
0.000000
0.000000
0.000000
0.000000
0.000000
0.000000
0.000000
0.000000
0.000000
0.000000
0.000000
0.000000
0.343750
0.562500
0.656250
0.906250
1.187500
1.328125
1.421875
1.515625
1.437500
1.390625
1.484375
1.312500
1.140625
1.109375
1.265625
1.406250
1.328125
1.296875
1.375000
1.296875
1.296875
1.343750
1.296875
1.265625
1.250000
1.125000
1.062500
1.093750
0.968750
0.859375
0.859375
0.906250
0.906250
0.875000
0.875000
0.828125
0.734375
0.687500
0.734375
0.765625
0.703125
0.687500
0.781250
0.812500
0.750000
0.703125
0.671875
0.687500
0.671875
0.515625
0.484375
0.312500
0.171875
0.000000
0.000000
0.125000
0.343750
0.421875
0.515625
0.593750
0.640625
0.718750
0.765625
0.828125
0.937500
0.937500
0.828125
0.812500
0.968750
0.875000
0.562500
