0.093750
0.406250
1.843750
1.906250
1.593750
1.765625
1.718750
1.703125
1.531250
1.328125
1.031250
1.000000
0.765625
0.609375
0.484375
0.828125
0.968750
1.328125
1.671875
1.671875
1.765625
1.765625
1.640625
1.312500
1.031250
0.750000
1.031250
1.234375
1.328125
1.390625
1.406250
1.625000
2.500000
3.328125
4.484375
7.484375
9.750000
11.296875
8.578125
1.234375
0.000000
0.000000
0.000000
0.000000
2.890625
2.109375
1.937500
2.437500
2.406250
2.046875
1.875000
1.937500
2.421875
2.796875
3.046875
2.984375
2.906250
2.906250
2.843750
2.203125
1.500000
1.265625
1.437500
1.406250
1.359375
1.578125
2.093750
2.781250
2.062500
1.515625
0.843750
0.000000
0.000000
0.718750
1.046875
1.234375
1.484375
2.421875
2.734375
3.203125
1.531250
1.625000
2.578125
3.093750
3.281250
3.531250
3.593750
3.406250
3.359375
3.109375
2.843750
2.484375
2.281250
2.156250
2.078125
2.531250
2.718750
3.062500
3.390625
3.546875
3.453125
3.500000
3.437500
3.187500
2.875000
2.781250
2.937500
3.140625
3.250000
3.343750
3.359375
3.468750
3.187500
1.500000
0.000000
0.000000
0.000000
0.000000
0.000000
0.000000
0.000000
0.000000
0.000000
0.000000
1.828125
2.265625
2.468750
3.718750
3.890625
3.890625
3.890625
3.937500
4.171875
4.500000
4.703125
4.656250
4.375000
4.203125
3.968750
3.718750
3.468750
3.296875
3.375000
3.281250
3.250000
3.265625
2.718750
2.015625
1.484375
0.625000
0.515625
1.250000
1.718750
2.687500
3.078125
3.203125
3.000000
2.703125
2.203125
1.671875
1.750000
1.562500
1.250000
1.437500
1.203125
1.437500
1.468750
1.390625
1.390625
1.328125
1.140625
0.968750
0.640625
0.531250
0.437500
0.687500
0.796875
1.109375
1.406250
1.484375
1.421875
1.421875
1.437500
1.343750
1.046875
0.906250
1.062500
1.250000
1.375000
1.437500
1.468750
1.515625
1.656250
0.921875
0.343750
0.000000
0.000000
0.000000
0.000000
0.546875
3.125000
7.656250
9.687500
8.171875
3.843750
0.406250
0.125000
0.953125
1.031250
1.000000
1.125000
1.187500
1.390625
1.656250
1.828125
1.828125
1.765625
1.765625
1.671875
1.718750
1.546875
1.468750
1.546875
1.484375
1.468750
1.593750
1.500000
1.343750
1.500000
1.656250
1.718750
1.671875
1.593750
1.609375
1.609375
1.359375
1.296875
1.593750
1.500000
1.562500
0.000000
0.000000
0.046875
0.031250
0.750000
0.984375
1.046875
1.078125
1.109375
0.968750
0.781250
0.625000
0.453125
0.328125
0.125000
0.296875
0.359375
0.640625
0.937500
1.031250
0.984375
0.984375
1.078125
1.000000
0.750000
0.546875
0.687500
0.843750
0.937500
1.015625
1.046875
1.093750
1.609375
1.312500
1.156250
2.250000
1.765625
0.234375
0.000000
0.000000
0.000000
2.390625
3.437500
3.109375
0.281250
0.046875
0.000000
0.734375
0.656250
0.593750
0.500000
0.609375
0.796875
1.109375
1.343750
1.375000
1.265625
1.296875
1.390625
1.343750
1.203125
1.093750
1.218750
1.250000
1.234375
1.421875
1.515625
1.703125
1.750000
1.703125
0.765625
0.000000
0.000000
0.000000
0.312500
0.937500
1.093750
1.500000
1.437500
1.296875
