0.953125
1.031250
1.078125
0.968750
0.796875
0.750000
0.734375
0.734375
0.687500
0.718750
0.687500
0.625000
0.593750
0.578125
0.546875
0.531250
0.546875
0.546875
0.484375
0.484375
0.500000
0.531250
0.562500
0.656250
0.687500
0.718750
0.718750
0.734375
0.750000
0.734375
0.734375
0.718750
0.750000
0.765625
0.781250
0.718750
0.750000
0.734375
0.671875
0.625000
0.609375
0.593750
0.593750
0.609375
0.546875
0.500000
0.484375
0.515625
0.562500
0.593750
0.593750
0.593750
0.625000
0.625000
0.609375
0.593750
0.593750
0.562500
0.515625
0.515625
0.531250
0.531250
0.500000
0.468750
0.484375
0.406250
0.375000
0.359375
0.359375
0.343750
0.437500
0.406250
0.453125
0.796875
1.281250
1.640625
1.843750
1.812500
1.875000
2.015625
2.109375
2.187500
2.156250
2.343750
2.437500
2.125000
1.890625
1.984375
1.937500
1.750000
1.625000
1.703125
1.625000
1.578125
1.546875
1.453125
1.421875
1.390625
1.312500
1.296875
1.375000
1.343750
1.281250
1.328125
1.312500
1.312500
1.281250
1.296875
1.218750
1.171875
1.093750
1.093750
1.031250
0.984375
0.984375
0.859375
0.781250
0.656250
0.531250
0.421875
0.437500
0.437500
0.421875
0.437500
0.406250
0.359375
0.343750
0.359375
0.343750
0.343750
0.312500
0.250000
0.203125
0.234375
0.218750
0.156250
0.109375
0.171875
0.203125
0.234375
0.390625
0.437500
0.484375
0.562500
0.640625
0.625000
0.578125
0.578125
0.531250
0.500000
0.484375
0.484375
0.453125
0.453125
0.421875
0.421875
0.359375
0.343750
0.343750
0.281250
0.781250
0.890625
0.875000
0.953125
0.859375
0.875000
0.890625
0.921875
0.921875
0.875000
0.812500
0.781250
0.687500
0.640625
0.609375
0.593750
0.562500
0.546875
0.546875
0.546875
0.546875
0.562500
0.593750
0.593750
0.640625
0.687500
0.734375
0.796875
0.843750
0.859375
0.875000
0.890625
0.906250
0.937500
0.984375
0.984375
0.984375
0.921875
0.875000
0.796875
0.812500
0.781250
0.687500
0.562500
0.546875
0.562500
0.562500
0.562500
0.578125
0.593750
0.625000
0.640625
0.703125
0.703125
0.703125
0.671875
0.640625
0.671875
0.609375
0.625000
0.562500
0.562500
0.578125
0.562500
0.515625
0.421875
0.390625
0.453125
0.515625
0.625000
0.609375
0.531250
0.671875
1.187500
1.734375
2.390625
2.984375
2.921875
2.968750
3.093750
3.062500
3.234375
3.171875
3.468750
3.437500
2.953125
2.421875
2.250000
2.109375
2.109375
2.109375
2.234375
2.250000
2.218750
2.203125
2.125000
2.062500
2.046875
1.968750
1.937500
1.875000
1.859375
1.843750
1.953125
1.953125
1.953125
1.890625
1.859375
1.812500
1.703125
1.609375
1.500000
1.406250
1.359375
1.296875
1.062500
0.890625
0.734375
0.609375
0.531250
0.500000
0.500000
0.500000
0.468750
0.421875
0.359375
0.312500
0.328125
0.312500
0.328125
0.296875
0.250000
0.187500
0.171875
0.125000
0.078125
0.046875
0.046875
0.046875
0.062500
0.125000
0.187500
0.218750
0.375000
0.500000
0.546875
0.593750
0.578125
0.531250
0.515625
0.531250
0.515625
0.515625
0.484375
0.468750
0.453125
0.437500
0.468750
0.484375
0.343750
