0000
0000
0000
0000
0000
0000
0000
0000
0000
0000
0000
0000
0000
0000
0000
0000
0015
010e
00e2
0000
0067
0225
0000
0000
0000
0000
0000
0000
0000
0000
0000
0000
0000
0000
0000
0000
0000
0000
0000
0000
0000
0000
0000
0000
0000
0000
0000
0000
0000
0000
0000
0000
0000
0000
0000
0000
0000
006c
01e6
0000
0000
0000
0000
0000
0000
0000
0000
0000
0000
0000
0000
0000
0000
0000
0000
0000
0000
0000
0000
0000
015a
0080
000a
0000
0000
002d
005b
005e
0034
0033
000d
0006
0017
000a
0003
0000
0000
0000
032f
06cc
0916
07bd
0405
0105
00b7
0060
0045
0083
0063
001f
0000
0000
0000
0000
000a
0120
0124
0000
0000
0000
0030
0000
0000
0000
0000
0000
0000
0000
0000
0000
0000
0000
0000
0000
0000
0000
0000
004c
001a
0000
0000
0135
0062
0000
0000
0000
0000
0000
0000
0000
0000
0000
0000
0000
0000
0000
0000
0000
0000
0001
0000
0000
0000
0000
0017
0000
0000
0000
0000
0000
0000
0000
0000
0000
0000
0006
0004
0000
0000
0000
0071
0000
0000
0000
0000
0000
0000
0000
0000
0000
0000
0000
0000
0000
0000
0000
0000
0000
0022
008b
0070
0071
0000
0000
0000
0000
0000
0000
0000
0000
0000
0000
0000
0000
0000
0000
0000
0000
0000
0000
007d
021d
00ab
0000
0000
0000
0000
0000
0000
000d
0000
0000
0000
0000
0000
0033
00a4
0000
0000
001c
0000
0000
0000
0000
0000
0000
0000
0000
0000
0000
0000
0000
0000
0000
0000
0000
0000
0000
0000
0000
0000
0027
0000
0000
0000
0000
0000
0045
0022
0000
0000
0000
0000
0000
0018
0026
0000
0000
0000
0000
0034
0098
0070
0069
0043
0036
003a
005c
007e
006a
0062
0059
005a
006c
0062
007d
00de
0195
01ea
0204
0000
0042
0042
009e
0092
00a0
0094
0078
006e
006c
0053
005f
0064
0077
0032
0000
004f
0083
008c
0089
0004
0015
004d
0026
0028
0005
0000
0000
001e
0039
0024
000e
0000
0015
001f
0049
00ab
010d
01ec
0000
0104
0040
0017
004b
0034
004d
007c
0073
0057
0015
001d
0015
003a
0039
0016
0000
0000
0046
006e
0082
0022
0028
0007
0000
0000
0000
000e
001a
001d
0011
0000
0000
0003
0000
0000
000c
002f
00f6
023f
01c7
0326
0002
0000
006f
0028
0043
005b
0043
0019
0000
0000
0000
0000
0000
001c
0010
0000
0000
0023
0000
0094
0046
0000
0000
0000
0000
0000
0000
0000
0000
0000
0000
0000
0000
0000
0000
0000
0000
0057
0042
01b6
0036
0104
0000
0000
0000
0000
0000
0000
0000
0013
0000
0000
0000
0000
0000
007d
0028
0000
0000
0000
0000
0084
00ae
00b0
0053
002a
0024
0079
00c1
00a2
0052
003f
0050
0094
0114
0116
00dc
00a2
0000
0183
00d4
006c
00ef
0108
0165
01cb
01e8
016b
00c0
007a
0080
00af
00c2
009e
0012
0000
0039
014f
00d4
0058
008e
008d
00a8
009a
0087
0073
0067
007b
00a2
00a6
0097
006f
0063
0092
008f
0036
0000
004a
01c6
0274
02f4
0152
00fa
010e
00eb
0114
016b
0148
0106
007e
008d
006d
0073
007e
00ba
007f
0058
0056
0039
0000
0000
0000
0000
0000
0000
0000
0000
0000
0000
0000
0000
0000
0000
0000
0000
002f
0045
01a6
0000
0000
0214
0000
0000
0000
0000
0000
0000
0000
0000
0000
0000
0000
0000
0000
0000
0000
0000
0000
0035
0000
0000
0000
0000
0000
0000
0000
0000
0000
0000
0000
0000
0000
0000
0000
0000
0024
0129
014b
01fe
0000
0089
0000
0000
0000
0000
0000
0000
0019
0000
0000
0000
0000
0030
0008
0000
0000
0000
000c
009f
0000
0000
0000
0000
0000
0000
0000
0000
0000
0000
0000
0000
0000
0000
0000
0000
0000
0000
000e
02fc
02e4
01bf
000f
0000
0000
0000
0000
0000
0000
0000
0000
0000
0000
0000
0000
0000
0000
0000
0000
0000
