000d
0034
0022
002a
002e
0033
0037
0039
003c
003d
0036
0036
0037
0033
0030
0030
002b
0031
0025
0027
002d
002e
0025
0025
0028
0023
0029
002e
0033
0033
0033
002f
0032
0038
0036
003b
003f
0034
0036
003c
003b
0038
0034
0030
002a
0027
0027
002a
002e
002b
002c
0029
002f
0030
0033
0033
0036
0031
002b
0029
0032
0030
0034
0031
002d
0027
0025
0021
0025
0020
0009
0000
0000
0000
0000
0000
0000
0000
0000
0000
0000
0000
0000
0001
001a
002f
0031
0031
0034
0046
005b
005d
0062
0072
0072
0072
006f
0068
0066
0068
0067
0060
0058
0060
0068
006f
0066
0068
0064
005a
0051
0055
0051
0058
0048
003f
0036
002f
0026
0026
002b
0030
0029
002d
0023
0021
0021
0022
0024
0026
001c
001c
001f
001e
0019
0012
000c
000f
0010
000e
0008
000c
0006
000a
0011
001b
0024
0026
0025
0026
0027
0028
002a
002f
002d
0027
0024
0027
0023
0016
000b
0017
002b
003e
0048
0052
005c
0069
0062
0064
0060
0062
0061
005a
0052
0055
0050
004d
0051
004c
0050
0048
0045
0037
0039
0030
003b
0043
0047
0047
0045
0048
004d
0056
005d
005f
0063
005e
0061
0066
0066
0061
005c
0052
0050
004c
004c
0047
004d
0045
0047
0044
004b
0054
0058
005a
0057
0051
004e
004d
0056
005b
005d
005a
0056
004c
0048
0049
0047
0038
001b
0000
0000
0000
0000
0000
0000
0000
0000
0000
0000
0000
0000
0005
0010
0011
0011
000e
0020
0044
0061
0073
0083
0098
009f
00a2
009d
0095
0092
0090
0086
0083
0081
0091
0099
009b
0094
0090
008a
0087
0080
007f
007c
007a
006e
0061
0058
0051
0048
004e
0056
005a
0054
004c
0048
0040
0042
0045
0045
0045
0041
0044
0045
0042
003a
0032
002b
002a
0023
001c
0009
0005
0002
0009
001a
002c
0037
003e
0042
0047
004d
0051
0056
005a
0056
004b
0049
004b
003d
0022
