0.546875
0.609375
0.218750
0.171875
0.093750
0.156250
0.093750
0.078125
0.015625
0.046875
0.015625
0.031250
-0.015625
0.000000
0.015625
0.046875
0.015625
0.046875
0.000000
0.078125
0.125000
0.125000
0.109375
0.156250
0.203125
0.203125
0.250000
0.218750
0.187500
0.171875
0.171875
0.140625
0.187500
0.171875
0.093750
0.093750
0.062500
0.000000
0.093750
0.062500
0.000000
0.000000
-0.015625
0.000000
-0.015625
0.015625
0.093750
0.125000
0.171875
0.109375
0.156250
0.140625
0.187500
0.125000
0.078125
0.062500
0.078125
0.031250
0.078125
0.093750
0.125000
0.046875
0.031250
-0.046875
-0.015625
-0.046875
0.015625
0.046875
0.062500
-0.046875
0.078125
0.343750
0.578125
0.875000
1.328125
2.015625
2.765625
3.453125
3.468750
3.109375
3.218750
3.265625
3.203125
2.906250
2.171875
1.343750
0.781250
0.546875
0.390625
0.421875
0.343750
0.218750
0.171875
0.125000
-0.015625
-0.078125
-0.062500
-0.062500
0.000000
0.015625
0.015625
0.046875
0.046875
0.109375
0.078125
0.031250
-0.046875
-0.015625
-0.093750
-0.109375
-0.109375
-0.031250
-0.015625
-0.031250
-0.203125
-0.125000
-0.109375
-0.078125
-0.015625
0.093750
0.093750
0.031250
-0.031250
0.046875
0.031250
0.093750
0.093750
0.109375
0.078125
0.062500
0.031250
0.062500
0.031250
0.000000
-0.015625
-0.015625
0.078125
0.171875
0.187500
0.203125
0.203125
0.343750
0.312500
0.328125
0.328125
0.265625
0.234375
0.171875
0.109375
0.125000
0.125000
0.093750
0.062500
0.062500
-0.015625
-0.031250
0.046875
0.062500
-0.093750
-0.046875
