10.875000
13.140625
15.593750
12.390625
4.828125
3.937500
4.109375
7.109375
9.734375
8.203125
5.781250
5.015625
5.421875
6.531250
7.531250
8.093750
3.703125
0.578125
7.140625
5.234375
6.984375
24.656250
33.421875
36.968750
33.562500
19.671875
10.218750
7.562500
7.937500
6.171875
4.281250
2.062500
1.671875
0.000000
2.031250
8.359375
15.109375
19.562500
18.078125
8.500000
0.000000
0.000000
0.000000
0.000000
0.000000
0.000000
0.000000
0.000000
0.000000
0.000000
0.000000
0.000000
0.000000
0.000000
0.000000
0.000000
0.000000
0.000000
0.000000
1.328125
6.187500
10.125000
20.421875
9.078125
0.000000
0.000000
0.000000
0.000000
0.000000
0.000000
0.000000
0.000000
0.000000
0.000000
0.000000
0.000000
2.500000
0.000000
0.000000
0.000000
1.046875
2.109375
3.234375
2.562500
9.625000
12.687500
12.343750
9.875000
11.250000
9.531250
11.015625
14.250000
14.703125
12.687500
12.078125
4.296875
2.953125
1.734375
0.000000
0.000000
0.000000
0.000000
4.062500
8.171875
11.687500
7.156250
3.562500
5.218750
7.296875
11.421875
13.265625
12.828125
10.921875
6.593750
8.812500
11.046875
5.140625
4.593750
3.968750
2.921875
0.000000
0.000000
0.000000
0.000000
0.000000
0.000000
0.000000
0.000000
0.000000
0.000000
0.000000
0.000000
0.000000
0.000000
0.000000
0.000000
0.000000
0.000000
0.000000
0.000000
0.000000
0.000000
0.000000
0.000000
0.000000
0.000000
0.000000
0.000000
0.000000
0.000000
0.000000
0.000000
0.000000
0.000000
0.000000
0.000000
0.000000
0.000000
0.000000
0.000000
