-0.421875
0.312500
0.687500
0.609375
0.515625
0.515625
0.296875
0.265625
0.203125
0.312500
0.062500
0.015625
0.218750
0.296875
0.375000
0.421875
0.531250
0.578125
0.703125
0.531250
0.375000
0.312500
0.234375
0.171875
0.093750
0.218750
0.312500
0.234375
0.218750
0.437500
0.265625
0.156250
0.171875
0.000000
-0.468750
-0.421875
-2.015625
-3.031250
-7.046875
-12.375000
-12.828125
-9.687500
-3.656250
-0.343750
0.843750
1.390625
1.625000
1.671875
1.515625
1.312500
1.296875
1.312500
1.421875
1.375000
1.250000
1.062500
0.906250
0.718750
0.562500
0.375000
0.031250
0.109375
0.078125
-0.015625
-0.062500
0.000000
-0.281250
-0.375000
-0.562500
-0.875000
-0.812500
-0.375000
-0.046875
0.140625
0.234375
0.171875
0.093750
0.078125
-0.062500
-0.500000
-0.593750
0.406250
-0.046875
-0.734375
-0.828125
-0.921875
-0.859375
-0.890625
-0.843750
-0.875000
-0.750000
-0.578125
-0.546875
-0.421875
-0.406250
-0.500000
-0.625000
-0.593750
-0.781250
-0.906250
-0.890625
-0.765625
-0.859375
-0.812500
-0.656250
-0.734375
-0.734375
-0.703125
-0.750000
-0.859375
-0.937500
-0.812500
-0.843750
-0.953125
-0.390625
-0.156250
0.328125
2.687500
3.750000
3.218750
2.312500
2.187500
4.656250
3.312500
2.328125
0.468750
0.031250
-0.484375
-0.750000
-0.750000
-0.812500
-0.765625
-0.906250
-0.718750
-0.765625
-1.000000
-0.828125
-0.718750
-0.687500
-1.062500
-1.015625
-0.765625
-0.890625
-0.812500
-0.734375
-0.859375
-0.796875
-0.718750
-0.843750
-0.531250
-0.343750
-0.125000
-0.093750
-0.281250
-0.468750
-0.875000
-0.828125
-0.968750
-0.718750
-0.421875
0.125000
1.125000
1.625000
2.078125
2.343750
2.093750
2.203125
1.921875
1.890625
1.765625
1.718750
1.328125
1.171875
1.328125
1.468750
1.562500
1.828125
1.984375
2.125000
2.250000
2.250000
1.968750
1.812500
1.796875
1.734375
1.718750
1.937500
2.109375
1.984375
1.906250
2.218750
2.187500
1.953125
1.703125
1.359375
0.546875
-0.265625
-0.781250
-1.609375
-1.000000
-0.171875
-0.234375
0.140625
0.515625
0.640625
2.093750
2.671875
2.968750
2.968750
2.750000
2.718750
2.984375
3.078125
2.812500
2.625000
2.625000
2.281250
1.875000
1.656250
1.921875
2.218750
1.921875
1.750000
1.781250
1.828125
1.734375
1.734375
1.484375
1.234375
0.937500
0.125000
0.218750
0.828125
1.437500
1.656250
2.125000
2.203125
2.156250
1.578125
1.062500
1.562500
2.593750
2.718750
2.609375
2.250000
2.062500
1.750000
1.640625
1.640625
1.703125
1.468750
1.296875
1.687500
2.156250
2.046875
2.140625
2.593750
2.531250
2.390625
2.359375
1.953125
1.640625
1.484375
1.562500
1.734375
1.984375
2.281250
2.140625
1.625000
1.812500
2.156250
1.687500
1.375000
1.312500
0.578125
0.171875
0.953125
0.859375
-0.421875
0.531250
2.093750
3.437500
3.718750
3.281250
4.140625
4.875000
4.875000
4.359375
3.812500
3.609375
3.546875
4.140625
4.031250
3.593750
3.187500
2.968750
2.578125
1.765625
1.375000
1.703125
1.812500
1.296875
1.187500
1.500000
1.406250
1.265625
0.921875
0.546875
0.312500
0.140625
0.265625
1.187500
1.984375
2.000000
1.953125
2.062500
1.859375
1.468750
1.125000
-0.015625
