0.765625
0.515625
0.000000
0.000000
0.000000
0.000000
0.000000
0.000000
0.000000
0.000000
0.000000
0.000000
0.000000
0.000000
0.000000
0.000000
0.000000
0.000000
0.000000
0.000000
0.000000
0.000000
0.000000
0.000000
0.000000
0.000000
0.000000
0.000000
0.000000
0.000000
0.000000
0.000000
0.000000
0.000000
0.000000
0.000000
0.812500
0.406250
0.921875
1.562500
1.828125
2.812500
2.718750
1.296875
0.000000
0.000000
0.000000
0.000000
0.000000
0.000000
0.000000
0.000000
0.000000
0.000000
0.000000
0.000000
0.000000
0.000000
0.000000
0.000000
0.000000
0.000000
0.000000
0.000000
0.000000
0.000000
0.000000
0.000000
0.000000
0.000000
0.000000
0.187500
0.000000
0.000000
0.000000
0.000000
0.000000
0.000000
0.000000
0.000000
0.578125
0.718750
0.500000
0.734375
0.875000
0.906250
0.859375
0.781250
0.796875
0.750000
0.640625
0.453125
0.406250
0.453125
0.500000
0.671875
0.718750
0.750000
0.828125
0.906250
0.921875
0.859375
0.703125
0.609375
0.578125
0.656250
0.671875
0.703125
0.781250
0.843750
0.843750
0.843750
0.765625
0.890625
0.984375
0.781250
1.781250
2.500000
2.453125
2.218750
2.265625
3.125000
2.718750
2.015625
0.625000
0.703125
0.906250
1.093750
1.296875
1.296875
1.218750
1.265625
1.281250
1.359375
1.234375
1.234375
1.187500
1.031250
0.906250
0.843750
0.828125
0.828125
0.625000
0.562500
0.578125
0.609375
0.593750
0.578125
0.328125
0.328125
0.062500
0.218750
0.343750
0.343750
0.593750
0.656250
0.750000
0.812500
1.031250
0.828125
