9.187500
4.796875
3.156250
8.984375
15.046875
16.640625
13.750000
10.109375
6.578125
9.828125
16.031250
19.656250
18.562500
16.250000
18.281250
23.671875
46.890625
57.000000
78.046875
57.734375
53.640625
25.671875
18.734375
1.750000
3.656250
3.953125
8.078125
12.296875
18.281250
22.671875
18.515625
13.687500
16.125000
19.093750
16.984375
15.390625
13.234375
2.953125
2.656250
9.140625
0.000000
0.031250
1.531250
4.968750
3.703125
0.000000
0.000000
0.000000
0.000000
0.000000
1.734375
0.000000
0.000000
0.000000
0.000000
0.093750
0.062500
0.000000
0.000000
0.000000
1.765625
0.000000
3.921875
0.000000
0.000000
0.000000
0.000000
0.000000
0.000000
0.000000
0.000000
0.000000
0.000000
0.000000
0.000000
0.000000
0.000000
0.000000
0.531250
6.640625
0.000000
0.000000
0.875000
1.531250
1.406250
0.781250
0.000000
0.000000
0.000000
1.078125
1.625000
0.468750
0.000000
0.000000
0.703125
2.203125
1.953125
4.031250
6.046875
2.718750
0.000000
2.187500
0.000000
1.281250
0.765625
0.796875
3.468750
5.406250
5.125000
2.531250
1.218750
1.218750
1.718750
3.031250
3.171875
1.843750
0.000000
0.000000
2.781250
8.328125
6.718750
7.250000
5.859375
1.765625
0.000000
0.000000
0.031250
1.593750
4.671875
2.593750
0.000000
0.000000
0.000000
0.000000
0.000000
0.000000
0.000000
0.000000
0.000000
0.000000
17.828125
26.156250
18.921875
0.000000
3.390625
0.000000
0.000000
0.000000
0.000000
0.203125
0.000000
0.000000
0.000000
0.000000
0.000000
1.453125
9.500000
7.546875
13.546875
6.640625
8.375000
13.140625
14.609375
2.500000
0.484375
0.406250
1.718750
4.343750
3.218750
0.000000
0.109375
0.312500
0.140625
0.000000
0.015625
0.000000
0.000000
0.000000
3.843750
15.312500
30.515625
40.187500
45.031250
47.375000
32.875000
10.875000
2.375000
0.078125
0.000000
0.078125
0.000000
0.000000
0.000000
0.000000
1.750000
7.500000
10.734375
15.390625
7.375000
0.890625
0.000000
0.000000
0.000000
9.515625
14.984375
8.921875
3.546875
0.000000
0.000000
6.296875
13.609375
12.593750
7.875000
3.296875
7.171875
6.671875
4.531250
0.000000
0.000000
0.000000
0.000000
0.609375
0.000000
0.000000
0.000000
0.000000
1.328125
5.328125
7.640625
6.687500
0.281250
0.000000
0.000000
2.359375
3.734375
0.593750
0.000000
0.000000
0.000000
12.906250
16.625000
14.921875
2.203125
2.453125
2.281250
2.687500
2.843750
3.015625
2.625000
2.468750
2.390625
2.828125
3.218750
2.718750
2.921875
2.421875
0.718750
0.000000
0.000000
10.828125
31.484375
32.500000
64.750000
44.687500
2.671875
3.406250
2.421875
1.906250
1.500000
1.968750
2.296875
2.453125
2.187500
1.406250
0.000000
7.296875
21.234375
5.468750
1.015625
5.171875
9.140625
9.468750
6.578125
3.593750
1.046875
4.078125
11.109375
12.468750
7.265625
3.953125
1.531250
5.046875
10.031250
13.625000
15.734375
22.250000
32.359375
14.718750
7.656250
8.062500
0.000000
1.031250
1.031250
2.468750
11.296875
3.234375
2.312500
1.875000
1.718750
1.687500
1.296875
1.484375
1.562500
1.859375
0.781250
8.343750
15.593750
8.968750
5.765625
2.140625
