5.265625
0.000000
0.000000
0.000000
0.000000
4.390625
12.031250
9.578125
2.765625
2.156250
3.875000
6.375000
9.703125
12.781250
14.187500
8.296875
0.000000
0.000000
16.312500
13.937500
23.906250
32.312500
15.921875
0.156250
0.000000
0.000000
0.000000
1.187500
9.218750
12.046875
11.578125
9.687500
7.015625
11.406250
16.406250
20.453125
13.828125
0.000000
0.000000
0.000000
5.875000
10.078125
11.671875
12.296875
7.296875
5.625000
3.046875
2.281250
5.625000
7.500000
7.140625
6.093750
3.437500
0.968750
0.000000
0.000000
0.000000
0.000000
0.000000
0.000000
34.375000
48.546875
54.468750
52.546875
51.812500
23.656250
16.281250
14.718750
11.703125
10.093750
9.703125
6.500000
3.859375
5.406250
6.218750
4.875000
6.390625
6.406250
10.734375
9.015625
1.718750
3.656250
0.000000
0.000000
0.015625
1.515625
0.000000
0.000000
0.000000
0.000000
0.000000
1.125000
0.750000
0.000000
0.000000
10.828125
35.187500
39.968750
33.484375
14.296875
0.000000
0.000000
0.000000
0.000000
0.000000
0.000000
0.000000
1.359375
0.000000
0.000000
1.406250
1.500000
1.437500
3.375000
4.781250
1.234375
0.000000
0.000000
0.000000
0.000000
16.421875
14.093750
11.046875
0.000000
0.000000
0.000000
0.000000
0.000000
0.000000
0.000000
0.000000
0.000000
0.000000
0.000000
0.000000
0.000000
0.000000
0.000000
0.000000
0.000000
0.000000
48.781250
58.078125
65.281250
65.765625
32.953125
0.000000
0.000000
0.000000
0.000000
0.000000
0.000000
0.000000
0.000000
0.000000
5.562500
10.812500
14.359375
11.765625
0.000000
