0086
0063
008e
00aa
009e
0099
00af
00aa
00a1
008f
008f
0095
0096
0085
0081
0086
0084
0082
008d
00a5
00ac
00ad
00b0
00a5
0099
008a
0087
008b
0099
00a1
00a2
009a
0099
009f
00a1
0098
0113
014e
0268
02b2
0133
0000
0000
0000
0064
0104
00d5
00b7
00be
00d3
00c7
00bc
00bb
00c3
00e2
00fc
00f3
00ed
00e5
00c6
00a2
0085
0096
00a0
0096
0097
00ac
00ab
00a3
0086
006c
0069
007c
009c
007b
0080
0085
0080
006e
0049
0048
0000
0000
0000
0000
0000
0000
0000
0000
0000
0000
0000
0000
0000
0000
0000
0000
0000
0000
0000
0000
0000
0000
0000
0000
0000
0000
0000
0000
0000
0000
0000
0000
0000
0000
0000
0000
0129
01cf
00c0
004c
0257
046b
02d5
0000
0000
0000
0000
0000
0000
0000
0000
0000
0000
0000
0000
0000
0000
0000
0000
0000
0000
0000
0000
0000
0000
0000
0000
0000
0000
001a
0037
0000
0000
0000
0000
0000
0000
0000
0018
