1.171875
2.500000
0.546875
0.000000
0.000000
0.000000
0.000000
0.000000
0.000000
0.000000
0.000000
0.000000
0.000000
0.062500
0.187500
0.078125
0.000000
0.000000
0.000000
0.000000
0.000000
0.000000
0.000000
0.000000
0.000000
0.000000
0.000000
0.000000
0.000000
0.000000
0.000000
0.000000
0.000000
0.000000
0.890625
4.328125
3.859375
5.718750
11.578125
11.343750
9.093750
8.375000
10.171875
8.250000
4.750000
2.421875
0.578125
0.000000
0.000000
0.000000
0.000000
0.000000
0.000000
0.000000
0.000000
0.000000
0.000000
0.000000
0.000000
0.000000
0.000000
0.000000
0.000000
0.000000
0.000000
0.000000
0.000000
0.000000
0.000000
0.000000
0.000000
0.000000
0.765625
0.328125
0.000000
0.000000
0.000000
0.000000
0.000000
0.000000
0.000000
0.000000
0.000000
0.000000
0.500000
1.218750
1.156250
0.984375
1.062500
1.109375
0.703125
0.484375
0.406250
0.000000
0.000000
0.000000
0.125000
0.375000
0.875000
1.312500
1.296875
1.156250
0.953125
0.484375
0.015625
0.078125
0.343750
0.359375
0.562500
0.828125
0.906250
0.984375
1.765625
2.203125
0.000000
0.453125
4.171875
6.296875
4.296875
1.906250
0.796875
4.937500
5.750000
1.765625
0.500000
0.000000
1.031250
1.750000
1.843750
1.718750
1.187500
1.234375
1.781250
2.343750
2.843750
3.343750
3.093750
2.531250
1.812500
1.046875
0.625000
0.625000
0.703125
0.968750
0.859375
0.921875
0.937500
1.062500
1.578125
1.750000
2.140625
0.859375
0.000000
0.000000
0.000000
0.000000
0.921875
2.093750
2.687500
3.578125
