1.093750
-4.375000
-1.484375
7.296875
2.953125
-0.671875
-2.625000
-2.546875
-1.578125
3.921875
4.437500
1.812500
-1.875000
-3.109375
-3.078125
-5.703125
-0.671875
5.750000
1.765625
5.375000
5.765625
16.656250
21.750000
-1.984375
5.953125
8.593750
2.812500
5.734375
8.890625
9.218750
4.546875
2.203125
4.015625
2.546875
1.015625
1.359375
-0.250000
-7.546875
7.156250
9.109375
2.046875
3.984375
-0.437500
-4.578125
-5.171875
-0.671875
4.109375
7.359375
3.390625
-2.984375
-5.343750
-2.156250
2.359375
5.328125
5.546875
3.281250
-3.171875
-5.390625
-3.515625
-5.093750
-2.046875
13.296875
11.125000
36.890625
15.312500
2.609375
1.046875
-3.328125
-6.109375
-2.640625
2.843750
0.468750
-4.984375
-5.593750
-3.218750
1.515625
9.484375
11.328125
-3.140625
-10.718750
-0.953125
-0.453125
-5.156250
-4.140625
-5.109375
-7.078125
-5.062500
-5.187500
-6.093750
-5.031250
-6.859375
-7.812500
-7.687500
-7.828125
-7.828125
-14.031250
-22.906250
-42.500000
-0.406250
-13.562500
-1.718750
9.109375
18.609375
9.109375
0.171875
-2.109375
-3.359375
-5.281250
-5.453125
-4.781250
-3.625000
-4.031250
-6.203125
-6.140625
-2.078125
-4.031250
-1.890625
-2.312500
-8.234375
-1.937500
4.031250
0.531250
2.468750
5.531250
-2.171875
-6.421875
-6.625000
-6.625000
-3.359375
1.578125
-1.218750
-4.437500
-7.515625
-8.625000
-9.468750
-12.500000
-26.968750
-55.187500
-83.468750
-72.750000
-36.171875
-0.968750
16.437500
-0.640625
-0.125000
-3.781250
-8.375000
-7.796875
-9.296875
-9.062500
-9.078125
-11.578125
-11.906250
-12.656250
-11.500000
-6.062500
-5.718750
-5.953125
6.093750
6.218750
