02b8
0349
03e6
0319
0135
00fc
0107
01c7
026f
020d
0172
0141
015b
01a2
01e2
0206
00ed
0025
01c9
014f
01bf
062a
085b
093e
0864
04eb
028e
01e4
01fc
018b
0112
0084
006b
0000
0082
0217
03c7
04e4
0485
0220
0000
0000
0000
0000
0000
0000
0000
0000
0000
0000
0000
0000
0000
0000
0000
0000
0000
0000
0000
0055
018c
0288
051b
0245
0000
0000
0000
0000
0000
0000
0000
0000
0000
0000
0000
0000
00a0
0000
0000
0000
0043
0087
00cf
00a4
0268
032c
0316
0278
02d0
0262
02c1
0390
03ad
032c
0305
0113
00bd
006f
0000
0000
0000
0000
0104
020b
02ec
01ca
00e4
014e
01d3
02db
0351
0335
02bb
01a6
0234
02c3
0149
0126
00fe
00bb
0000
0000
0000
0000
0000
0000
0000
0000
0000
0000
0000
0000
0000
0000
0000
0000
0000
0000
0000
0000
0000
0000
0000
0000
0000
0000
0000
0000
0000
0000
0000
0000
0000
0000
0000
0000
0000
0000
0000
0000
