0.921875
1.234375
2.546875
2.671875
3.250000
1.453125
1.171875
1.109375
1.359375
2.843750
2.687500
1.484375
0.640625
0.765625
1.812500
3.906250
5.609375
5.156250
16.609375
14.609375
24.593750
7.625000
0.734375
4.937500
4.031250
4.578125
7.234375
8.843750
7.390625
3.765625
1.937500
1.796875
2.671875
3.421875
5.437500
2.140625
0.046875
2.000000
5.390625
6.625000
4.218750
1.093750
-3.687500
-3.703125
-3.140625
-2.031250
-0.468750
-0.656250
-2.781250
-3.171875
-3.453125
-2.765625
-2.468750
-2.984375
-3.390625
-4.484375
-3.093750
-3.968750
0.984375
8.609375
13.437500
17.250000
7.468750
-1.781250
-2.671875
-3.984375
-4.812500
-3.828125
-3.328125
-3.015625
-3.453125
-3.281250
-3.656250
-4.312500
-2.562500
1.031250
3.921875
-1.421875
-4.734375
-1.937500
1.015625
-1.625000
-5.328125
-6.125000
-5.468750
-3.734375
-1.843750
-1.515625
-4.062500
-5.484375
-6.109375
-5.781250
-3.843750
-4.640625
-5.468750
-5.312500
-6.453125
-3.062500
4.875000
25.609375
20.656250
7.312500
2.843750
-2.500000
-5.937500
-6.046875
-6.687500
-6.937500
-7.796875
-8.000000
-5.625000
-5.703125
-5.375000
-4.765625
-2.187500
0.390625
1.031250
-2.984375
-5.140625
-7.656250
3.531250
-0.734375
-5.328125
-4.515625
-4.281250
-2.734375
-1.203125
-1.359375
-4.093750
-4.343750
-4.390625
-4.468750
-3.578125
-4.484375
-4.515625
-4.687500
-7.046875
-12.828125
-15.859375
-0.046875
9.531250
1.906250
6.437500
-2.484375
-4.265625
-4.984375
-5.031250
-2.796875
-3.250000
-4.265625
-4.328125
-4.140625
-4.031250
-4.609375
-2.765625
0.718750
3.437500
-3.156250
-5.281250
-9.609375
