000d
001c
001b
001d
001d
001e
0020
001e
0021
001f
0020
001c
001c
001b
001a
0019
0018
0017
0016
0017
0014
0016
0015
0015
0017
0018
0019
001c
001d
001e
001d
001e
001f
001f
001f
0020
0020
0020
001f
001d
001f
001c
001b
0019
0017
0017
0016
0017
0017
0017
0017
0018
0019
001a
001b
001b
001a
0018
0018
0018
0018
0018
0018
0019
0015
0014
0011
0011
000e
000d
0006
0000
0000
0000
0000
0000
0000
0000
0000
0000
0000
0000
0000
0000
0000
000d
0024
002f
0034
003a
003c
0041
0043
0047
0048
0048
0045
0042
0042
0042
0040
003d
003e
003e
003e
0040
0040
003f
003b
0038
0035
0033
0031
002f
002a
0027
0022
001c
0019
0016
0014
0015
0015
0014
0012
0010
0011
0010
000f
000f
000c
000b
000a
000b
0009
0007
0004
0003
0002
0004
0004
0004
0006
000a
000e
0010
0012
0013
0014
0013
0013
0014
0015
0014
0014
0012
0012
000f
000c
0006
000b
0007
0009
0009
0008
0008
0009
0009
0008
0009
0007
0008
0008
0006
0006
0006
0006
0006
0006
0006
0007
0006
0007
0007
0007
0006
0007
0009
0009
0009
0009
0008
000a
000a
0007
0009
0009
0007
0009
0009
0007
0009
0008
0005
0006
0007
0006
0007
0007
0006
0006
0007
0007
0009
0007
0006
0007
0008
0006
0007
0006
0006
0006
0006
0006
0005
0004
0004
0004
0001
0000
0000
0000
0000
0000
0000
0000
0000
0000
0000
0000
0000
0000
0005
0010
0011
0011
000e
000f
0012
0012
0012
0014
0013
0012
0012
0012
0010
0010
0010
0010
000f
0010
0010
0012
0011
0010
0010
000f
000c
000e
000c
000b
000b
0009
0007
0008
0006
0005
0006
0007
0006
0007
0004
0004
0003
0003
0003
0004
0003
0001
0003
0004
0002
0003
0001
0001
0003
0003
0001
0002
0002
0002
0004
0006
0007
0008
0007
0007
0007
0007
0007
0007
0006
0005
0004
0003
0003
0003
0000
