006d
0131
015d
0151
0129
00ef
00ca
0101
014b
016c
0153
0142
0111
0145
0140
0139
0141
006d
0000
0000
0000
023d
0080
01b4
01fe
01dc
020d
01ce
0192
0166
0132
0124
0100
00d1
005f
003c
008e
011e
0125
011e
0004
0015
004d
0026
0028
0005
0000
0000
001e
0039
0024
000e
0000
0015
001f
0049
00ab
010d
01ec
0000
0104
0040
0017
004b
0034
004d
007c
0073
0057
0015
001d
0015
003a
0039
0016
0000
0000
0046
006e
0082
0000
0000
0000
0000
0000
0000
0000
0000
0000
0000
0000
0000
0000
0000
0000
0000
0000
0000
0000
01c0
0000
0179
0000
0000
0000
0000
0000
0000
0000
0000
0000
0000
0000
0000
0000
0000
0000
0000
0000
0000
0022
0028
0007
0000
0000
0000
000e
001a
001d
0011
0000
0000
0003
0000
0000
000c
002f
00f6
023f
01c7
0326
0002
0000
006f
0028
0043
005b
0043
0019
0000
0000
0000
0000
0000
001c
0010
0000
0000
0023
0000
0000
00e2
0126
00ec
00d9
00a0
008d
00ce
010d
00f9
00e1
00d6
00e2
010b
0101
00fe
0064
0086
0000
0000
0000
0000
0000
0115
011b
0153
0147
00b6
0072
0081
00e0
00cc
00c5
00ab
0047
0000
0000
00fc
00f9
009a
0094
0046
0000
0000
0000
0000
0000
0000
0000
0000
0000
0000
0000
0000
0000
0000
0000
0000
0057
0042
01b6
0036
0104
0000
0000
0000
0000
0000
0000
0000
0013
0000
0000
0000
0000
0000
007d
0028
0000
0000
0000
0069
003c
0027
0019
0013
0016
0035
003f
003e
002d
0023
0029
0032
003b
0036
0015
0017
0114
00e0
00d4
0000
0038
0079
005b
0051
0057
0049
001f
0026
0025
0026
0016
001b
0000
0004
0018
0063
0024
0000
0000
0000
0084
00ae
00b0
0053
002a
0024
0079
00c1
00a2
0052
003f
0050
0094
0114
0116
00dc
00a2
0000
0183
00d4
006c
00ef
0108
0165
01cb
01e8
016b
00c0
007a
0080
00af
00c2
009e
0012
0000
0039
014f
00d4
