0.000000
0.000000
0.000000
1.968750
1.562500
1.015625
0.406250
0.437500
0.812500
1.562500
1.453125
1.484375
1.406250
1.640625
2.578125
3.328125
8.218750
7.859375
0.000000
0.000000
0.000000
0.000000
0.000000
0.000000
0.578125
1.906250
3.187500
3.312500
2.531250
2.062500
1.500000
1.687500
2.468750
2.046875
0.000000
0.000000
0.000000
0.000000
4.265625
4.640625
0.000000
0.000000
1.312500
3.015625
2.578125
1.421875
1.156250
1.421875
2.218750
3.593750
3.109375
2.875000
1.765625
2.015625
3.593750
4.531250
9.203125
11.750000
8.531250
1.000000
0.000000
0.000000
0.000000
0.000000
4.156250
6.109375
9.218750
9.875000
8.640625
7.937500
4.515625
3.093750
4.468750
4.687500
4.359375
0.000000
0.000000
0.203125
2.890625
4.187500
5.265625
5.843750
5.843750
1.984375
1.671875
2.250000
2.140625
1.875000
2.812500
2.125000
2.031250
2.078125
1.265625
1.359375
2.234375
2.796875
4.343750
6.859375
9.046875
10.484375
9.953125
13.187500
13.000000
7.156250
3.078125
4.031250
5.968750
5.640625
5.625000
5.140625
2.953125
2.078125
2.531250
2.343750
2.875000
6.468750
6.859375
6.875000
3.406250
1.968750
0.000000
0.000000
0.000000
0.000000
0.000000
0.000000
0.000000
0.000000
0.000000
0.000000
0.000000
0.000000
0.000000
0.000000
0.000000
0.000000
0.000000
0.000000
2.125000
0.000000
0.796875
0.000000
1.921875
0.000000
0.000000
0.000000
0.000000
0.000000
0.000000
0.000000
0.000000
0.000000
0.000000
0.000000
0.000000
0.000000
0.000000
0.000000
0.000000
0.000000
0.000000
0.000000
0.000000
0.000000
0.000000
0.000000
0.000000
0.000000
0.000000
0.000000
0.000000
0.000000
0.000000
0.000000
0.000000
0.000000
0.000000
0.531250
7.265625
0.000000
0.000000
0.000000
2.156250
0.000000
0.000000
0.000000
0.000000
0.000000
0.000000
0.000000
0.000000
0.000000
0.000000
0.000000
0.000000
0.609375
0.078125
0.000000
0.000000
0.000000
0.000000
0.312500
1.812500
4.812500
4.859375
3.515625
2.562500
2.296875
3.046875
4.578125
4.875000
4.984375
4.375000
4.203125
4.937500
5.890625
11.234375
17.343750
19.062500
19.296875
9.875000
2.171875
0.000000
0.000000
3.234375
5.156250
6.546875
6.578125
6.359375
6.640625
5.406250
4.703125
5.812500
6.640625
4.625000
1.796875
1.218750
1.406250
6.906250
7.593750
8.484375
9.562500
9.812500
5.546875
4.828125
4.687500
4.593750
6.484375
6.968750
5.312500
5.062500
4.796875
5.031250
5.703125
5.812500
6.171875
8.156250
3.484375
0.000000
0.000000
0.000000
0.000000
8.312500
10.562500
7.781250
8.140625
7.359375
6.468750
4.890625
4.578125
4.609375
4.500000
3.718750
2.671875
1.593750
5.906250
9.359375
11.015625
8.000000
5.781250
1.187500
1.484375
0.687500
0.921875
1.234375
1.375000
0.859375
1.656250
2.031250
1.375000
1.281250
1.000000
0.781250
1.343750
1.531250
0.703125
0.000000
0.000000
0.000000
0.000000
7.046875
7.078125
7.531250
4.984375
4.187500
4.156250
3.890625
3.375000
3.468750
1.906250
1.156250
0.890625
0.312500
0.000000
0.000000
0.000000
0.109375
1.250000
0.000000
0.015625
