013a
00e2
0017
0000
0000
000c
0000
0006
0046
004d
0031
006e
00eb
00ae
002c
005b
004f
0001
0054
001b
0107
023f
0172
0153
00fb
003a
005b
0094
008f
0058
0000
0000
0021
000f
001e
0009
001d
001f
002a
0000
0000
0000
0000
0060
007f
0082
001c
0000
0000
0000
0000
000e
000c
0000
0028
0091
0000
0013
013f
00cd
01cf
00bf
0000
0000
0000
0019
002e
001b
000a
0000
0017
0062
0095
0067
0003
0000
0000
0000
0000
003e
0000
0000
0000
0000
0000
0000
0000
004b
004e
0022
0029
004d
0012
0000
0000
0000
0000
00a3
008d
0000
0000
0000
0000
0000
0000
002b
000b
0000
0000
0000
0000
0000
0000
0000
002d
0065
0057
004d
0065
0047
00eb
0089
0000
0000
0000
0000
0000
0000
0000
0000
0000
0000
0057
001b
0000
0000
0000
0000
0000
0000
0000
0000
0000
0000
001b
0012
0000
0028
0017
0000
0000
0000
0000
0000
0000
0000
0000
0000
0000
0000
0017
0012
0000
0000
0000
0000
0000
0000
0000
0000
0000
0000
0000
0000
0000
0000
0000
0000
0000
0000
003a
00d4
0073
0066
003c
0000
0000
0000
0000
0000
0000
0000
0000
0000
0000
0000
0000
0000
0000
0000
012d
0197
01a6
01ee
020d
01b2
00e0
001b
0000
002b
0018
0000
0000
00cc
0202
021b
010a
0000
00e1
0713
0ab5
06bc
026a
008d
0039
0000
0037
00b5
0126
0171
016e
01bf
01f2
0177
006b
0000
0000
0000
0000
0018
0000
0000
0000
0000
0000
001a
0056
0025
007d
0032
0074
00cf
00d6
0000
0000
003c
0054
0043
0000
0000
0000
02cb
0266
0238
00f5
0024
0000
0000
0000
0000
0000
0000
0000
0065
0044
0039
0050
005b
0051
0000
0000
0000
0000
0000
0000
0000
0000
0000
0000
0000
0000
0000
0000
0000
0000
0034
0000
0000
00f8
0080
0011
017e
0000
0000
0000
0000
0000
0000
0000
0000
0000
0000
0000
0018
0000
0000
0000
0000
0000
003e
0000
0008
003d
0045
0018
003b
0054
0080
0085
00a3
0068
0064
0055
0010
0000
0029
0064
0019
0113
00f7
0000
0000
0000
0044
0097
0023
001d
000d
000d
0021
004d
002f
0017
0049
007b
0097
00ad
0088
005b
006f
0000
0000
0000
0000
0000
0000
0000
0000
0000
0000
0000
0000
0000
0000
0000
0000
0000
0000
0050
0000
0130
0000
0000
0000
0015
0000
0000
0000
0000
0000
0000
0000
0000
0000
0000
0000
0000
0000
0000
0034
0110
009c
0000
0000
0022
000f
0000
0000
0046
0048
000a
0071
00d4
0098
0000
0033
0000
0000
0000
0000
0000
028a
02a8
0247
00fd
002e
0045
006c
0072
0034
0000
0000
0028
0000
0000
0000
0008
0007
0038
0000
0000
0000
0000
001b
005d
00ce
00b9
002e
0013
001f
0018
0000
0000
0000
0032
00be
0083
0000
0000
0000
0172
00db
0000
0000
003d
0000
0000
0000
0000
0000
0000
002b
00a8
00e8
00a2
0039
0022
000e
0000
0037
0054
009d
00dd
011b
00e6
003b
0000
0000
0000
0024
0000
0000
0000
0095
00ee
0020
0000
0000
00c4
04ad
03f3
0000
0000
0000
0010
0001
0018
0050
007e
00a3
00c3
00fd
00a7
0000
0000
0000
0014
0003
0020
0066
0000
0000
0000
0000
0000
0000
0000
0000
0000
0000
0000
0000
0000
0000
0000
0000
0000
0000
0000
0000
0000
01f1
00d4
008c
000b
0000
0000
0000
0000
0000
0000
0000
0000
0000
0000
0000
0000
0000
0000
0000
0031
0000
0000
0000
0000
0009
00ad
0084
0044
008c
0095
003e
0035
0000
0000
001d
00c7
0010
0000
0000
0000
0000
0000
0000
0000
0026
0034
001d
0000
0007
0000
0000
0000
0061
0087
0076
0072
007d
002b
0000
008e
0054
0078
005e
0027
0005
0025
004d
0048
0016
0057
0095
0093
008c
0031
0000
0049
00d5
016a
01a2
0063
002a
003b
00b2
006c
0050
005a
0062
0067
0066
006b
003e
0029
0001
004c
0048
0044
005a
005b
0046
0000
0000
0000
0000
0014
0030
003a
0082
009a
007f
0070
0099
0048
0000
0000
005d
005f
0080
0120
0000
00c3
0194
0046
0136
0088
0006
0000
0000
0000
0000
0000
0000
0033
0030
007c
00a7
00b2
009c
006c
0057
0000
0000
0000
0013
002d
0018
0000
001a
000e
0005
0000
005c
004c
0000
001c
0000
0006
0066
017e
00b7
017a
0055
00e6
00f4
0010
0000
0004
0000
0006
0000
0000
0024
0015
000d
0007
0012
0002
0010
0002
0020
0023
001d
0010
0000
0053
000b
0000
0000
0000
0000
0000
0000
0000
0025
0007
0000
0000
0000
0000
015f
0000
00cb
0000
0000
003a
0000
0000
0000
0000
0007
0009
0005
0050
0000
0000
0000
0000
0000
0000
0000
0031
0040
005c
0085
0039
0000
0000
0000
0000
0000
0000
0000
0026
0058
007c
0000
0000
0039
01f6
03c4
0286
0000
0000
0035
0000
0000
0004
0029
004a
004a
005c
0085
0000
0000
0000
0000
0000
0000
0002
0003
0000
0000
0000
0000
0000
0000
0000
0076
009b
004e
0055
0086
0021
0000
0000
0000
0000
0076
0114
0051
0000
0000
0000
0000
0000
0003
0000
0000
0000
0000
0000
0000
0000
0000
004e
00af
00b4
008a
0087
0003
0000
001f
002f
002a
0000
0075
008c
003c
0000
0000
001d
0000
0000
0000
0032
0045
0092
0000
00a5
00c3
0260
0000
00a9
0000
0004
0000
0000
0000
0000
0000
002d
0003
0018
0096
009d
0031
0024
0003
0000
000b
004b
001d
002f
0055
0037
0003
0010
0034
0009
0028
001a
001a
003d
003a
003a
0000
0006
0000
009d
0159
0000
0000
0000
002d
0017
001a
0025
002e
0035
0037
0031
0048
0015
0001
002e
001b
0022
0020
001f
0000
0000
0000
0000
0000
0030
0005
0000
0000
002c
0000
0038
009a
0049
0000
003d
0000
0000
00d4
0053
0000
01e9
01f6
0322
01d8
006f
0000
0000
0000
0000
0000
0000
0016
001c
0000
0000
0000
0000
0018
0048
0028
0000
0000
0000
0000
0000
0000
00b3
006d
0000
0000
0029
0000
0000
0000
0000
0000
00f8
0000
0000
0000
0000
0000
0000
0000
0000
0000
0000
0000
0000
0000
0000
0000
0000
005a
00b6
0000
0000
0000
0000
0000
0066
0077
0020
002e
00b0
0095
0044
001f
0018
0074
0058
000a
0018
005a
00aa
00ec
0063
0000
0000
0007
035e
0433
01fe
0145
00df
0000
0000
000d
0026
0034
0005
0047
00b3
0064
0026
001e
001d
002f
001a
0000
0000
0000
0000
0000
0000
0000
0012
005d
006c
0081
006d
0079
002d
0000
0060
0000
0052
0063
0116
0000
0098
0000
003d
0096
0065
0000
0000
0000
0000
0000
0000
0000
0000
0000
0055
0074
0070
0077
0033
008b
0000
0000
0000
0015
0086
0032
0000
0000
0000
0000
0000
0000
0004
0000
000b
0038
0000
0000
00da
0000
003e
030c
0041
010c
0000
0000
0000
0000
0000
0000
0000
002b
007c
0000
0000
0000
0000
0000
0000
0010
006f
0034
0003
0000
0000
0000
0005
0000
0000
000f
0000
0008
005a
0087
0000
0000
0018
0000
01d6
0248
0000
0000
00ee
010b
0106
0000
0000
001c
0027
0008
0000
0000
0000
0000
0003
0000
0000
0000
0000
001f
0075
002d
004b
0048
0037
0018
0000
0000
000d
0000
0000
0020
0057
0045
0015
0000
0000
0000
0110
01cf
00c1
0131
0092
00e8
0084
001d
0027
002d
0032
003d
004b
0030
0035
0000
0000
0000
0009
0002
0015
0000
003a
0059
006a
0086
0000
0000
0000
0027
003c
0027
0003
0081
0084
007b
0085
0000
0000
00c7
02b2
0176
0000
0000
0000
003f
001d
003b
0033
003f
005a
0053
006d
0069
0000
0000
0000
003d
0036
003a
005a
0068
0058
00ae
00da
00d4
008e
0026
0000
0000
0000
0000
0000
0000
0000
0049
00a1
0018
0000
0000
0000
0284
02f5
0000
0000
0000
0000
000b
001e
0044
0075
00a6
00bc
00a7
006e
0000
0000
0000
0000
0000
0000
0021
